/*--------------------------------*- C++ -*----------------------------------*\
  =========                 |
  \\      /  F ield         | OpenFOAM: The Open Source CFD Toolbox
   \\    /   O peration     | Website:  https://openfoam.org
    \\  /    A nd           | Version:  7
     \\/     M anipulation  |
\*---------------------------------------------------------------------------*/
FoamFile
{
    version     2.0;
    format      ascii;
    class       volScalarField;
    location    "0.08/porousMat";
    object      Ta;
}
// * * * * * * * * * * * * * * * * * * * * * * * * * * * * * * * * * * * * * //

dimensions      [0 0 0 1 0 0 0];

internalField   nonuniform List<scalar> 
5000
(
345.484
320.28
305.481
299.916
298.393
298.067
298.01
298.001
298
298
298
298
298
298
298
298
298
298
298
298
298
298
298
298
298
298
298
298
298
298
298
298
298
298
298
298
298
298
298
298
298
298
298
298
298
298
298
298
298
297.999
345.484
320.281
305.481
299.916
298.393
298.067
298.01
298.001
298
298
298
298
298
298
298
298
298
298
298
298
298
298
298
298
298
298
298
298
298
298
298
298
298
298
298
298
298
298
298
298
298
298
298
298
298
298
298
298
298
298
345.484
320.281
305.481
299.916
298.393
298.067
298.01
298.001
298
298
298
298
298
298
298
298
298
298
298
298
298
298
298
298
298
298
298
298
298
298
298
298
298
298
298
298
298
298
298
298
298
298
298
298
298
298
298
298
298
298
345.484
320.281
305.481
299.916
298.393
298.067
298.01
298.001
298
298
298
298
298
298
298
298
298
298
298
298
298
298
298
298
298
298
298
298
298
298
298
298
298
298
298
298
298
298
298
298
298
298
298
298
298
298
298
298
298
298
345.484
320.281
305.481
299.916
298.393
298.067
298.01
298.001
298
298
298
298
298
298
298
298
298
298
298
298
298
298
298
298
298
298
298
298
298
298
298
298
298
298
298
298
298
298
298
298
298
298
298
298
298
298
298
298
298
298
345.484
320.281
305.481
299.916
298.393
298.067
298.01
298.001
298
298
298
298
298
298
298
298
298
298
298
298
298
298
298
298
298
298
298
298
298
298
298
298
298
298
298
298
298
298
298
298
298
298
298
298
298
298
298
298
298
298
345.484
320.281
305.481
299.916
298.393
298.067
298.01
298.001
298
298
298
298
298
298
298
298
298
298
298
298
298
298
298
298
298
298
298
298
298
298
298
298
298
298
298
298
298
298
298
298
298
298
298
298
298
298
298
298
298
298
345.484
320.281
305.481
299.916
298.393
298.067
298.01
298.001
298
298
298
298
298
298
298
298
298
298
298
298
298
298
298
298
298
298
298
298
298
298
298
298
298
298
298
298
298
298
298
298
298
298
298
298
298
298
298
298
298
298
345.484
320.281
305.481
299.916
298.393
298.067
298.01
298.001
298
298
298
298
298
298
298
298
298
298
298
298
298
298
298
298
298
298
298
298
298
298
298
298
298
298
298
298
298
298
298
298
298
298
298
298
298
298
298
298
298
298
345.484
320.281
305.481
299.916
298.393
298.067
298.01
298.001
298
298
298
298
298
298
298
298
298
298
298
298
298
298
298
298
298
298
298
298
298
298
298
298
298
298
298
298
298
298
298
298
298
298
298
298
298
298
298
298
298
298
345.484
320.281
305.481
299.916
298.393
298.067
298.01
298.001
298
298
298
298
298
298
298
298
298
298
298
298
298
298
298
298
298
298
298
298
298
298
298
298
298
298
298
298
298
298
298
298
298
298
298
298
298
298
298
298
298
298
345.484
320.281
305.481
299.916
298.393
298.067
298.01
298.001
298
298
298
298
298
298
298
298
298
298
298
298
298
298
298
298
298
298
298
298
298
298
298
298
298
298
298
298
298
298
298
298
298
298
298
298
298
298
298
298
298
298
345.484
320.281
305.481
299.916
298.393
298.067
298.01
298.001
298
298
298
298
298
298
298
298
298
298
298
298
298
298
298
298
298
298
298
298
298
298
298
298
298
298
298
298
298
298
298
298
298
298
298
298
298
298
298
298
298
298
345.484
320.281
305.481
299.916
298.393
298.067
298.01
298.001
298
298
298
298
298
298
298
298
298
298
298
298
298
298
298
298
298
298
298
298
298
298
298
298
298
298
298
298
298
298
298
298
298
298
298
298
298
298
298
298
298
298
345.484
320.281
305.481
299.916
298.393
298.067
298.01
298.001
298
298
298
298
298
298
298
298
298
298
298
298
298
298
298
298
298
298
298
298
298
298
298
298
298
298
298
298
298
298
298
298
298
298
298
298
298
298
298
298
298
298
345.484
320.281
305.481
299.916
298.393
298.067
298.01
298.001
298
298
298
298
298
298
298
298
298
298
298
298
298
298
298
298
298
298
298
298
298
298
298
298
298
298
298
298
298
298
298
298
298
298
298
298
298
298
298
298
298
298
345.484
320.281
305.481
299.916
298.393
298.067
298.01
298.001
298
298
298
298
298
298
298
298
298
298
298
298
298
298
298
298
298
298
298
298
298
298
298
298
298
298
298
298
298
298
298
298
298
298
298
298
298
298
298
298
298
298
345.484
320.281
305.481
299.916
298.393
298.067
298.01
298.001
298
298
298
298
298
298
298
298
298
298
298
298
298
298
298
298
298
298
298
298
298
298
298
298
298
298
298
298
298
298
298
298
298
298
298
298
298
298
298
298
298
298
345.484
320.281
305.481
299.916
298.393
298.067
298.01
298.001
298
298
298
298
298
298
298
298
298
298
298
298
298
298
298
298
298
298
298
298
298
298
298
298
298
298
298
298
298
298
298
298
298
298
298
298
298
298
298
298
298
298
345.484
320.281
305.481
299.916
298.393
298.067
298.01
298.001
298
298
298
298
298
298
298
298
298
298
298
298
298
298
298
298
298
298
298
298
298
298
298
298
298
298
298
298
298
298
298
298
298
298
298
298
298
298
298
298
298
298
345.484
320.281
305.481
299.916
298.393
298.067
298.01
298.001
298
298
298
298
298
298
298
298
298
298
298
298
298
298
298
298
298
298
298
298
298
298
298
298
298
298
298
298
298
298
298
298
298
298
298
298
298
298
298
298
298
298
345.484
320.281
305.481
299.916
298.393
298.067
298.01
298.001
298
298
298
298
298
298
298
298
298
298
298
298
298
298
298
298
298
298
298
298
298
298
298
298
298
298
298
298
298
298
298
298
298
298
298
298
298
298
298
298
298
298
345.484
320.281
305.481
299.916
298.393
298.067
298.01
298.001
298
298
298
298
298
298
298
298
298
298
298
298
298
298
298
298
298
298
298
298
298
298
298
298
298
298
298
298
298
298
298
298
298
298
298
298
298
298
298
298
298
298
345.484
320.281
305.481
299.916
298.393
298.067
298.01
298.001
298
298
298
298
298
298
298
298
298
298
298
298
298
298
298
298
298
298
298
298
298
298
298
298
298
298
298
298
298
298
298
298
298
298
298
298
298
298
298
298
298
298
345.484
320.281
305.481
299.916
298.393
298.067
298.01
298.001
298
298
298
298
298
298
298
298
298
298
298
298
298
298
298
298
298
298
298
298
298
298
298
298
298
298
298
298
298
298
298
298
298
298
298
298
298
298
298
298
298
298
345.484
320.281
305.481
299.916
298.393
298.067
298.01
298.001
298
298
298
298
298
298
298
298
298
298
298
298
298
298
298
298
298
298
298
298
298
298
298
298
298
298
298
298
298
298
298
298
298
298
298
298
298
298
298
298
298
298
345.484
320.281
305.481
299.916
298.393
298.067
298.01
298.001
298
298
298
298
298
298
298
298
298
298
298
298
298
298
298
298
298
298
298
298
298
298
298
298
298
298
298
298
298
298
298
298
298
298
298
298
298
298
298
298
298
298
345.484
320.281
305.481
299.916
298.393
298.067
298.01
298.001
298
298
298
298
298
298
298
298
298
298
298
298
298
298
298
298
298
298
298
298
298
298
298
298
298
298
298
298
298
298
298
298
298
298
298
298
298
298
298
298
298
298
345.484
320.281
305.481
299.916
298.393
298.067
298.01
298.001
298
298
298
298
298
298
298
298
298
298
298
298
298
298
298
298
298
298
298
298
298
298
298
298
298
298
298
298
298
298
298
298
298
298
298
298
298
298
298
298
298
298
345.484
320.281
305.481
299.916
298.393
298.067
298.01
298.001
298
298
298
298
298
298
298
298
298
298
298
298
298
298
298
298
298
298
298
298
298
298
298
298
298
298
298
298
298
298
298
298
298
298
298
298
298
298
298
298
298
298
345.484
320.281
305.481
299.916
298.393
298.067
298.01
298.001
298
298
298
298
298
298
298
298
298
298
298
298
298
298
298
298
298
298
298
298
298
298
298
298
298
298
298
298
298
298
298
298
298
298
298
298
298
298
298
298
298
298
345.484
320.281
305.481
299.916
298.393
298.067
298.01
298.001
298
298
298
298
298
298
298
298
298
298
298
298
298
298
298
298
298
298
298
298
298
298
298
298
298
298
298
298
298
298
298
298
298
298
298
298
298
298
298
298
298
298
345.484
320.281
305.481
299.916
298.393
298.067
298.01
298.001
298
298
298
298
298
298
298
298
298
298
298
298
298
298
298
298
298
298
298
298
298
298
298
298
298
298
298
298
298
298
298
298
298
298
298
298
298
298
298
298
298
298
345.484
320.281
305.481
299.916
298.393
298.067
298.01
298.001
298
298
298
298
298
298
298
298
298
298
298
298
298
298
298
298
298
298
298
298
298
298
298
298
298
298
298
298
298
298
298
298
298
298
298
298
298
298
298
298
298
298
345.484
320.281
305.481
299.916
298.393
298.067
298.01
298.001
298
298
298
298
298
298
298
298
298
298
298
298
298
298
298
298
298
298
298
298
298
298
298
298
298
298
298
298
298
298
298
298
298
298
298
298
298
298
298
298
298
298
345.484
320.281
305.481
299.916
298.393
298.067
298.01
298.001
298
298
298
298
298
298
298
298
298
298
298
298
298
298
298
298
298
298
298
298
298
298
298
298
298
298
298
298
298
298
298
298
298
298
298
298
298
298
298
298
298
298
345.484
320.281
305.481
299.916
298.393
298.067
298.01
298.001
298
298
298
298
298
298
298
298
298
298
298
298
298
298
298
298
298
298
298
298
298
298
298
298
298
298
298
298
298
298
298
298
298
298
298
298
298
298
298
298
298
298
345.484
320.281
305.481
299.916
298.393
298.067
298.01
298.001
298
298
298
298
298
298
298
298
298
298
298
298
298
298
298
298
298
298
298
298
298
298
298
298
298
298
298
298
298
298
298
298
298
298
298
298
298
298
298
298
298
298
345.484
320.281
305.481
299.916
298.393
298.067
298.01
298.001
298
298
298
298
298
298
298
298
298
298
298
298
298
298
298
298
298
298
298
298
298
298
298
298
298
298
298
298
298
298
298
298
298
298
298
298
298
298
298
298
298
298
345.484
320.281
305.481
299.916
298.393
298.067
298.01
298.001
298
298
298
298
298
298
298
298
298
298
298
298
298
298
298
298
298
298
298
298
298
298
298
298
298
298
298
298
298
298
298
298
298
298
298
298
298
298
298
298
298
298
345.484
320.281
305.481
299.916
298.393
298.067
298.01
298.001
298
298
298
298
298
298
298
298
298
298
298
298
298
298
298
298
298
298
298
298
298
298
298
298
298
298
298
298
298
298
298
298
298
298
298
298
298
298
298
298
298
298
345.484
320.281
305.481
299.916
298.393
298.067
298.01
298.001
298
298
298
298
298
298
298
298
298
298
298
298
298
298
298
298
298
298
298
298
298
298
298
298
298
298
298
298
298
298
298
298
298
298
298
298
298
298
298
298
298
298
345.484
320.281
305.481
299.916
298.393
298.067
298.01
298.001
298
298
298
298
298
298
298
298
298
298
298
298
298
298
298
298
298
298
298
298
298
298
298
298
298
298
298
298
298
298
298
298
298
298
298
298
298
298
298
298
298
298
345.484
320.281
305.481
299.916
298.393
298.067
298.01
298.001
298
298
298
298
298
298
298
298
298
298
298
298
298
298
298
298
298
298
298
298
298
298
298
298
298
298
298
298
298
298
298
298
298
298
298
298
298
298
298
298
298
298
345.484
320.281
305.481
299.916
298.393
298.067
298.01
298.001
298
298
298
298
298
298
298
298
298
298
298
298
298
298
298
298
298
298
298
298
298
298
298
298
298
298
298
298
298
298
298
298
298
298
298
298
298
298
298
298
298
298
345.484
320.281
305.481
299.916
298.393
298.067
298.01
298.001
298
298
298
298
298
298
298
298
298
298
298
298
298
298
298
298
298
298
298
298
298
298
298
298
298
298
298
298
298
298
298
298
298
298
298
298
298
298
298
298
298
298
345.484
320.281
305.481
299.916
298.393
298.067
298.01
298.001
298
298
298
298
298
298
298
298
298
298
298
298
298
298
298
298
298
298
298
298
298
298
298
298
298
298
298
298
298
298
298
298
298
298
298
298
298
298
298
298
298
298
345.483
320.281
305.481
299.916
298.393
298.067
298.01
298.001
298
298
298
298
298
298
298
298
298
298
298
298
298
298
298
298
298
298
298
298
298
298
298
298
298
298
298
298
298
298
298
298
298
298
298
298
298
298
298
298
298
298
345.483
320.281
305.481
299.916
298.393
298.067
298.01
298.001
298
298
298
298
298
298
298
298
298
298
298
298
298
298
298
298
298
298
298
298
298
298
298
298
298
298
298
298
298
298
298
298
298
298
298
298
298
298
298
298
298
298
345.483
320.281
305.481
299.916
298.393
298.067
298.01
298.001
298
298
298
298
298
298
298
298
298
298
298
298
298
298
298
298
298
298
298
298
298
298
298
298
298
298
298
298
298
298
298
298
298
298
298
298
298
298
298
298
298
298
345.483
320.281
305.481
299.916
298.393
298.067
298.01
298.001
298
298
298
298
298
298
298
298
298
298
298
298
298
298
298
298
298
298
298
298
298
298
298
298
298
298
298
298
298
298
298
298
298
298
298
298
298
298
298
298
298
298
345.483
320.281
305.481
299.916
298.393
298.067
298.01
298.001
298
298
298
298
298
298
298
298
298
298
298
298
298
298
298
298
298
298
298
298
298
298
298
298
298
298
298
298
298
298
298
298
298
298
298
298
298
298
298
298
298
298
345.483
320.281
305.481
299.916
298.393
298.067
298.01
298.001
298
298
298
298
298
298
298
298
298
298
298
298
298
298
298
298
298
298
298
298
298
298
298
298
298
298
298
298
298
298
298
298
298
298
298
298
298
298
298
298
298
298
345.483
320.281
305.481
299.916
298.393
298.067
298.01
298.001
298
298
298
298
298
298
298
298
298
298
298
298
298
298
298
298
298
298
298
298
298
298
298
298
298
298
298
298
298
298
298
298
298
298
298
298
298
298
298
298
298
298
345.483
320.281
305.481
299.916
298.393
298.067
298.01
298.001
298
298
298
298
298
298
298
298
298
298
298
298
298
298
298
298
298
298
298
298
298
298
298
298
298
298
298
298
298
298
298
298
298
298
298
298
298
298
298
298
298
298
345.483
320.281
305.481
299.916
298.393
298.067
298.01
298.001
298
298
298
298
298
298
298
298
298
298
298
298
298
298
298
298
298
298
298
298
298
298
298
298
298
298
298
298
298
298
298
298
298
298
298
298
298
298
298
298
298
298
345.483
320.281
305.481
299.916
298.393
298.067
298.01
298.001
298
298
298
298
298
298
298
298
298
298
298
298
298
298
298
298
298
298
298
298
298
298
298
298
298
298
298
298
298
298
298
298
298
298
298
298
298
298
298
298
298
298
345.483
320.281
305.481
299.916
298.393
298.067
298.01
298.001
298
298
298
298
298
298
298
298
298
298
298
298
298
298
298
298
298
298
298
298
298
298
298
298
298
298
298
298
298
298
298
298
298
298
298
298
298
298
298
298
298
298
345.483
320.281
305.481
299.916
298.393
298.067
298.01
298.001
298
298
298
298
298
298
298
298
298
298
298
298
298
298
298
298
298
298
298
298
298
298
298
298
298
298
298
298
298
298
298
298
298
298
298
298
298
298
298
298
298
298
345.483
320.281
305.481
299.916
298.393
298.067
298.01
298.001
298
298
298
298
298
298
298
298
298
298
298
298
298
298
298
298
298
298
298
298
298
298
298
298
298
298
298
298
298
298
298
298
298
298
298
298
298
298
298
298
298
298
345.483
320.281
305.481
299.916
298.393
298.067
298.01
298.001
298
298
298
298
298
298
298
298
298
298
298
298
298
298
298
298
298
298
298
298
298
298
298
298
298
298
298
298
298
298
298
298
298
298
298
298
298
298
298
298
298
298
345.483
320.28
305.481
299.916
298.393
298.067
298.01
298.001
298
298
298
298
298
298
298
298
298
298
298
298
298
298
298
298
298
298
298
298
298
298
298
298
298
298
298
298
298
298
298
298
298
298
298
298
298
298
298
298
298
298
345.483
320.28
305.481
299.916
298.393
298.067
298.01
298.001
298
298
298
298
298
298
298
298
298
298
298
298
298
298
298
298
298
298
298
298
298
298
298
298
298
298
298
298
298
298
298
298
298
298
298
298
298
298
298
298
298
298
345.483
320.28
305.481
299.916
298.393
298.067
298.01
298.001
298
298
298
298
298
298
298
298
298
298
298
298
298
298
298
298
298
298
298
298
298
298
298
298
298
298
298
298
298
298
298
298
298
298
298
298
298
298
298
298
298
298
345.483
320.28
305.481
299.916
298.393
298.067
298.01
298.001
298
298
298
298
298
298
298
298
298
298
298
298
298
298
298
298
298
298
298
298
298
298
298
298
298
298
298
298
298
298
298
298
298
298
298
298
298
298
298
298
298
298
345.483
320.28
305.481
299.916
298.393
298.067
298.01
298.001
298
298
298
298
298
298
298
298
298
298
298
298
298
298
298
298
298
298
298
298
298
298
298
298
298
298
298
298
298
298
298
298
298
298
298
298
298
298
298
298
298
298
345.482
320.28
305.481
299.916
298.393
298.067
298.01
298.001
298
298
298
298
298
298
298
298
298
298
298
298
298
298
298
298
298
298
298
298
298
298
298
298
298
298
298
298
298
298
298
298
298
298
298
298
298
298
298
298
298
298
345.482
320.28
305.481
299.916
298.393
298.067
298.01
298.001
298
298
298
298
298
298
298
298
298
298
298
298
298
298
298
298
298
298
298
298
298
298
298
298
298
298
298
298
298
298
298
298
298
298
298
298
298
298
298
298
298
298
345.482
320.28
305.481
299.916
298.393
298.067
298.01
298.001
298
298
298
298
298
298
298
298
298
298
298
298
298
298
298
298
298
298
298
298
298
298
298
298
298
298
298
298
298
298
298
298
298
298
298
298
298
298
298
298
298
298
345.482
320.28
305.481
299.916
298.393
298.067
298.01
298.001
298
298
298
298
298
298
298
298
298
298
298
298
298
298
298
298
298
298
298
298
298
298
298
298
298
298
298
298
298
298
298
298
298
298
298
298
298
298
298
298
298
298
345.482
320.28
305.481
299.916
298.393
298.067
298.01
298.001
298
298
298
298
298
298
298
298
298
298
298
298
298
298
298
298
298
298
298
298
298
298
298
298
298
298
298
298
298
298
298
298
298
298
298
298
298
298
298
298
298
298
345.481
320.28
305.481
299.916
298.393
298.067
298.01
298.001
298
298
298
298
298
298
298
298
298
298
298
298
298
298
298
298
298
298
298
298
298
298
298
298
298
298
298
298
298
298
298
298
298
298
298
298
298
298
298
298
298
298
345.481
320.279
305.481
299.916
298.393
298.067
298.01
298.001
298
298
298
298
298
298
298
298
298
298
298
298
298
298
298
298
298
298
298
298
298
298
298
298
298
298
298
298
298
298
298
298
298
298
298
298
298
298
298
298
298
298
345.481
320.279
305.481
299.916
298.393
298.067
298.01
298.001
298
298
298
298
298
298
298
298
298
298
298
298
298
298
298
298
298
298
298
298
298
298
298
298
298
298
298
298
298
298
298
298
298
298
298
298
298
298
298
298
298
298
345.481
320.279
305.48
299.915
298.393
298.067
298.01
298.001
298
298
298
298
298
298
298
298
298
298
298
298
298
298
298
298
298
298
298
298
298
298
298
298
298
298
298
298
298
298
298
298
298
298
298
298
298
298
298
298
298
298
345.48
320.279
305.48
299.915
298.393
298.067
298.01
298.001
298
298
298
298
298
298
298
298
298
298
298
298
298
298
298
298
298
298
298
298
298
298
298
298
298
298
298
298
298
298
298
298
298
298
298
298
298
298
298
298
298
298
345.48
320.279
305.48
299.915
298.393
298.067
298.01
298.001
298
298
298
298
298
298
298
298
298
298
298
298
298
298
298
298
298
298
298
298
298
298
298
298
298
298
298
298
298
298
298
298
298
298
298
298
298
298
298
298
298
298
345.479
320.278
305.48
299.915
298.393
298.067
298.01
298.001
298
298
298
298
298
298
298
298
298
298
298
298
298
298
298
298
298
298
298
298
298
298
298
298
298
298
298
298
298
298
298
298
298
298
298
298
298
298
298
298
298
298
345.479
320.278
305.48
299.915
298.393
298.067
298.01
298.001
298
298
298
298
298
298
298
298
298
298
298
298
298
298
298
298
298
298
298
298
298
298
298
298
298
298
298
298
298
298
298
298
298
298
298
298
298
298
298
298
298
298
345.478
320.278
305.48
299.915
298.393
298.067
298.01
298.001
298
298
298
298
298
298
298
298
298
298
298
298
298
298
298
298
298
298
298
298
298
298
298
298
298
298
298
298
298
298
298
298
298
298
298
298
298
298
298
298
298
298
345.478
320.277
305.48
299.915
298.393
298.067
298.01
298.001
298
298
298
298
298
298
298
298
298
298
298
298
298
298
298
298
298
298
298
298
298
298
298
298
298
298
298
298
298
298
298
298
298
298
298
298
298
298
298
298
298
298
345.477
320.277
305.479
299.915
298.393
298.067
298.01
298.001
298
298
298
298
298
298
298
298
298
298
298
298
298
298
298
298
298
298
298
298
298
298
298
298
298
298
298
298
298
298
298
298
298
298
298
298
298
298
298
298
298
298
345.477
320.276
305.479
299.915
298.393
298.067
298.01
298.001
298
298
298
298
298
298
298
298
298
298
298
298
298
298
298
298
298
298
298
298
298
298
298
298
298
298
298
298
298
298
298
298
298
298
298
298
298
298
298
298
298
298
345.476
320.276
305.479
299.915
298.393
298.067
298.01
298.001
298
298
298
298
298
298
298
298
298
298
298
298
298
298
298
298
298
298
298
298
298
298
298
298
298
298
298
298
298
298
298
298
298
298
298
298
298
298
298
298
298
298
345.475
320.275
305.479
299.915
298.393
298.067
298.01
298.001
298
298
298
298
298
298
298
298
298
298
298
298
298
298
298
298
298
298
298
298
298
298
298
298
298
298
298
298
298
298
298
298
298
298
298
298
298
298
298
298
298
298
345.474
320.275
305.479
299.915
298.393
298.067
298.01
298.001
298
298
298
298
298
298
298
298
298
298
298
298
298
298
298
298
298
298
298
298
298
298
298
298
298
298
298
298
298
298
298
298
298
298
298
298
298
298
298
298
298
298
345.474
320.274
305.478
299.915
298.393
298.067
298.01
298.001
298
298
298
298
298
298
298
298
298
298
298
298
298
298
298
298
298
298
298
298
298
298
298
298
298
298
298
298
298
298
298
298
298
298
298
298
298
298
298
298
298
298
345.473
320.274
305.478
299.915
298.393
298.067
298.01
298.001
298
298
298
298
298
298
298
298
298
298
298
298
298
298
298
298
298
298
298
298
298
298
298
298
298
298
298
298
298
298
298
298
298
298
298
298
298
298
298
298
298
298
345.472
320.273
305.478
299.915
298.393
298.067
298.01
298.001
298
298
298
298
298
298
298
298
298
298
298
298
298
298
298
298
298
298
298
298
298
298
298
298
298
298
298
298
298
298
298
298
298
298
298
298
298
298
298
298
298
298
345.471
320.273
305.477
299.915
298.393
298.067
298.01
298.001
298
298
298
298
298
298
298
298
298
298
298
298
298
298
298
298
298
298
298
298
298
298
298
298
298
298
298
298
298
298
298
298
298
298
298
298
298
298
298
298
298
298
345.47
320.272
305.477
299.914
298.393
298.067
298.01
298.001
298
298
298
298
298
298
298
298
298
298
298
298
298
298
298
298
298
298
298
298
298
298
298
298
298
298
298
298
298
298
298
298
298
298
298
298
298
298
298
298
298
298
345.469
320.271
305.477
299.914
298.393
298.067
298.01
298.001
298
298
298
298
298
298
298
298
298
298
298
298
298
298
298
298
298
298
298
298
298
298
298
298
298
298
298
298
298
298
298
298
298
298
298
298
298
298
298
298
298
298
345.468
320.27
305.476
299.914
298.393
298.067
298.01
298.001
298
298
298
298
298
298
298
298
298
298
298
298
298
298
298
298
298
298
298
298
298
298
298
298
298
298
298
298
298
298
298
298
298
298
298
298
298
298
298
298
298
298
345.467
320.27
305.476
299.914
298.393
298.067
298.01
298.001
298
298
298
298
298
298
298
298
298
298
298
298
298
298
298
298
298
298
298
298
298
298
298
298
298
298
298
298
298
298
298
298
298
298
298
298
298
298
298
298
298
298
345.466
320.269
305.476
299.914
298.393
298.067
298.01
298.001
298
298
298
298
298
298
298
298
298
298
298
298
298
298
298
298
298
298
298
298
298
298
298
298
298
298
298
298
298
298
298
298
298
298
298
298
298
298
298
298
298
298
345.465
320.268
305.475
299.914
298.393
298.067
298.01
298.001
298
298
298
298
298
298
298
298
298
298
298
298
298
298
298
298
298
298
298
298
298
298
298
298
298
298
298
298
298
298
298
298
298
298
298
298
298
298
298
298
298
298
345.463
320.267
305.475
299.914
298.393
298.067
298.01
298.001
298
298
298
298
298
298
298
298
298
298
298
298
298
298
298
298
298
298
298
298
298
298
298
298
298
298
298
298
298
298
298
298
298
298
298
298
298
298
298
298
298
298
345.462
320.266
305.474
299.913
298.393
298.067
298.01
298.001
298
298
298
298
298
298
298
298
298
298
298
298
298
298
298
298
298
298
298
298
298
298
298
298
298
298
298
298
298
298
298
298
298
298
298
298
298
298
298
298
298
298
345.461
320.265
305.474
299.913
298.393
298.067
298.01
298.001
298
298
298
298
298
298
298
298
298
298
298
298
298
298
298
298
298
298
298
298
298
298
298
298
298
298
298
298
298
298
298
298
298
298
298
298
298
298
298
298
298
298
345.46
320.264
305.473
299.913
298.392
298.067
298.01
298.001
298
298
298
298
298
298
298
298
298
298
298
298
298
298
298
298
298
298
298
298
298
298
298
298
298
298
298
298
298
298
298
298
298
298
298
298
298
298
298
298
298
298
)
;

boundaryField
{
    axis
    {
        type            empty;
    }
    back
    {
        type            zeroGradient;
    }
    wedge-right
    {
        type            wedge;
    }
    wedge-left
    {
        type            wedge;
    }
    outer
    {
        type            fixedGradient;
        gradient        nonuniform List<scalar> 
100
(
5434.01
5434.01
5434.01
5434.01
5434.01
5434.01
5434.01
5434.01
5434.01
5434.01
5434.01
5434.01
5434.01
5434.01
5434.01
5434.01
5434.01
5434.01
5434.01
5434.01
5434.01
5434.01
5434.01
5434.01
5434.01
5434.01
5434.01
5434.01
5434.01
5434.01
5434.01
5434.01
5434.01
5434.01
5434.01
5434.01
5434.01
5434.01
5434.01
5434.01
5434.01
5434.01
5434.01
5434.01
5434.01
5434.01
5434.01
5434.01
5434.01
5434.01
5434.01
5434.01
5434.01
5434.01
5434.01
5434.01
5434.01
5434.01
5434.01
5434.01
5434.01
5434.01
5434.01
5434.01
5434.01
5434.01
5434.01
5434.01
5434.01
5434.01
5434.01
5434.01
5434.01
5434.01
5434.01
5434.01
5434.01
5434.01
5434.01
5434.01
5434.01
5434.01
5434.01
5434.01
5434.01
5434.01
5434.01
5434.01
5434.02
5434.02
5434.02
5434.02
5434.02
5434.02
5434.02
5434.02
5434.02
5434.02
5434.02
5434.02
)
;
    }
    inner
    {
        type            fixedValue;
        value           uniform 298;
    }
}


// ************************************************************************* //
