/*--------------------------------*- C++ -*----------------------------------*\
  =========                 |
  \\      /  F ield         | OpenFOAM: The Open Source CFD Toolbox
   \\    /   O peration     | Website:  https://openfoam.org
    \\  /    A nd           | Version:  7
     \\/     M anipulation  |
\*---------------------------------------------------------------------------*/
FoamFile
{
    version     2.0;
    format      ascii;
    class       volScalarField;
    location    "0.03/porousMat";
    object      Ta;
}
// * * * * * * * * * * * * * * * * * * * * * * * * * * * * * * * * * * * * * //

dimensions      [0 0 0 1 0 0 0];

internalField   nonuniform List<scalar> 
5000
(
302.544
302.538
302.537
302.534
302.531
302.529
302.525
302.521
302.517
302.512
302.508
302.503
302.499
302.496
302.493
302.491
302.489
302.487
302.483
302.475
302.459
302.432
302.391
302.337
302.273
302.199
302.118
302.03
301.937
301.842
301.743
301.642
301.541
301.438
301.336
301.233
301.128
301.021
300.912
300.799
300.682
300.56
300.433
300.3
300.164
300.026
299.888
299.752
299.62
299.495
302.048
302.042
302.041
302.039
302.037
302.036
302.033
302.03
302.027
302.024
302.021
302.019
302.017
302.015
302.015
302.016
302.017
302.019
302.018
302.014
302.003
301.981
301.946
301.898
301.841
301.775
301.701
301.621
301.537
301.45
301.361
301.27
301.179
301.088
300.996
300.905
300.812
300.717
300.621
300.521
300.417
300.308
300.194
300.075
299.952
299.827
299.702
299.578
299.459
299.345
301.573
301.569
301.568
301.566
301.565
301.564
301.562
301.56
301.558
301.557
301.555
301.554
301.554
301.555
301.557
301.56
301.564
301.568
301.57
301.569
301.562
301.545
301.516
301.474
301.423
301.364
301.297
301.226
301.15
301.072
300.992
300.911
300.829
300.748
300.668
300.587
300.506
300.422
300.338
300.25
300.159
300.063
299.961
299.855
299.745
299.632
299.52
299.409
299.301
299.2
301.123
301.119
301.119
301.118
301.117
301.116
301.115
301.114
301.113
301.113
301.112
301.113
301.114
301.116
301.12
301.125
301.13
301.136
301.141
301.143
301.139
301.126
301.102
301.066
301.022
300.969
300.91
300.845
300.778
300.708
300.637
300.566
300.494
300.422
300.352
300.282
300.211
300.138
300.065
299.989
299.909
299.825
299.735
299.641
299.544
299.444
299.344
299.245
299.149
299.058
300.7
300.696
300.696
300.695
300.695
300.695
300.694
300.694
300.694
300.694
300.695
300.696
300.698
300.702
300.707
300.713
300.72
300.727
300.734
300.738
300.737
300.728
300.707
300.677
300.638
300.592
300.54
300.483
300.423
300.362
300.299
300.236
300.174
300.112
300.051
299.99
299.929
299.867
299.804
299.738
299.669
299.596
299.518
299.436
299.35
299.262
299.174
299.087
299.002
298.923
300.305
300.302
300.302
300.302
300.301
300.301
300.301
300.302
300.302
300.303
300.305
300.307
300.31
300.314
300.32
300.326
300.334
300.343
300.351
300.357
300.357
300.351
300.335
300.309
300.276
300.236
300.19
300.14
300.088
300.035
299.98
299.926
299.872
299.818
299.766
299.714
299.662
299.61
299.556
299.5
299.441
299.379
299.312
299.241
299.166
299.089
299.012
298.936
298.862
298.794
299.942
299.939
299.939
299.939
299.939
299.939
299.94
299.94
299.941
299.943
299.945
299.947
299.951
299.955
299.961
299.969
299.977
299.986
299.995
300.001
300.003
299.999
299.986
299.965
299.937
299.903
299.863
299.82
299.776
299.729
299.683
299.636
299.59
299.544
299.5
299.457
299.413
299.369
299.324
299.277
299.228
299.175
299.117
299.057
298.993
298.927
298.861
298.795
298.731
298.672
299.612
299.609
299.609
299.609
299.61
299.61
299.61
299.611
299.613
299.614
299.616
299.619
299.623
299.628
299.634
299.641
299.65
299.659
299.667
299.674
299.678
299.675
299.665
299.648
299.624
299.595
299.562
299.525
299.487
299.448
299.409
299.369
299.33
299.292
299.255
299.219
299.183
299.147
299.109
299.071
299.029
298.985
298.937
298.886
298.832
298.776
298.72
298.664
298.61
298.561
299.316
299.313
299.314
299.314
299.314
299.315
299.315
299.316
299.318
299.32
299.322
299.325
299.329
299.333
299.339
299.346
299.354
299.363
299.371
299.378
299.382
299.381
299.373
299.359
299.34
299.316
299.288
299.258
299.226
299.193
299.16
299.127
299.095
299.064
299.033
299.004
298.974
298.944
298.914
298.883
298.849
298.812
298.773
298.73
298.685
298.639
298.592
298.545
298.5
298.459
299.055
299.053
299.053
299.054
299.054
299.055
299.055
299.056
299.058
299.06
299.062
299.065
299.068
299.073
299.078
299.085
299.092
299.1
299.108
299.114
299.118
299.118
299.113
299.102
299.086
299.066
299.043
299.018
298.992
298.965
298.938
298.911
298.885
298.86
298.835
298.812
298.788
298.764
298.74
298.714
298.687
298.658
298.625
298.591
298.554
298.516
298.477
298.439
298.402
298.368
298.83
298.828
298.828
298.829
298.829
298.83
298.83
298.831
298.833
298.834
298.837
298.839
298.842
298.846
298.851
298.857
298.864
298.871
298.878
298.884
298.888
298.888
298.884
298.876
298.863
298.847
298.829
298.809
298.787
298.766
298.744
298.723
298.702
298.681
298.662
298.643
298.625
298.606
298.587
298.567
298.545
298.522
298.496
298.468
298.438
298.408
298.377
298.346
298.317
298.289
298.639
298.637
298.638
298.638
298.639
298.639
298.64
298.641
298.642
298.643
298.645
298.648
298.651
298.654
298.658
298.663
298.669
298.675
298.681
298.686
298.69
298.691
298.688
298.681
298.672
298.659
298.645
298.629
298.612
298.595
298.578
298.561
298.544
298.529
298.514
298.499
298.485
298.47
298.455
298.44
298.423
298.405
298.385
298.363
298.34
298.315
298.291
298.267
298.244
298.222
298.481
298.48
298.48
298.48
298.481
298.481
298.482
298.483
298.484
298.485
298.487
298.489
298.491
298.494
298.497
298.502
298.506
298.511
298.516
298.521
298.524
298.525
298.523
298.518
298.511
298.501
298.49
298.478
298.465
298.452
298.438
298.425
298.413
298.401
298.389
298.378
298.368
298.357
298.345
298.334
298.321
298.307
298.292
298.275
298.257
298.238
298.219
298.201
298.183
298.167
298.353
298.352
298.352
298.353
298.353
298.353
298.354
298.355
298.356
298.357
298.358
298.36
298.362
298.364
298.367
298.37
298.374
298.378
298.382
298.386
298.389
298.389
298.388
298.385
298.379
298.372
298.364
298.354
298.345
298.335
298.325
298.315
298.306
298.297
298.288
298.28
298.272
298.264
298.256
298.247
298.237
298.227
298.215
298.203
298.189
298.175
298.161
298.147
298.134
298.122
298.253
298.252
298.252
298.252
298.253
298.253
298.253
298.254
298.255
298.256
298.257
298.258
298.259
298.261
298.264
298.266
298.269
298.272
298.275
298.278
298.281
298.281
298.281
298.278
298.274
298.269
298.263
298.256
298.249
298.241
298.234
298.227
298.22
298.214
298.207
298.202
298.196
298.19
298.184
298.178
298.171
298.163
298.155
298.146
298.136
298.125
298.115
298.105
298.095
298.086
298.176
298.175
298.175
298.176
298.176
298.176
298.176
298.177
298.177
298.178
298.179
298.18
298.181
298.182
298.184
298.186
298.188
298.191
298.193
298.195
298.197
298.198
298.197
298.195
298.193
298.189
298.185
298.18
298.175
298.169
298.164
298.159
298.154
298.15
298.145
298.141
298.137
298.133
298.129
298.124
298.12
298.114
298.108
298.102
298.095
298.087
298.08
298.073
298.066
298.059
298.119
298.118
298.118
298.119
298.119
298.119
298.119
298.119
298.12
298.12
298.121
298.122
298.123
298.124
298.125
298.126
298.128
298.13
298.131
298.133
298.134
298.135
298.134
298.133
298.131
298.129
298.126
298.122
298.119
298.115
298.112
298.108
298.105
298.102
298.099
298.096
298.093
298.09
298.087
298.084
298.081
298.077
298.073
298.069
298.064
298.059
298.054
298.049
298.044
298.04
298.078
298.077
298.077
298.077
298.078
298.078
298.078
298.078
298.078
298.079
298.079
298.08
298.08
298.081
298.082
298.083
298.084
298.085
298.087
298.088
298.089
298.089
298.089
298.088
298.087
298.085
298.083
298.081
298.078
298.076
298.074
298.071
298.069
298.067
298.065
298.063
298.061
298.059
298.058
298.056
298.053
298.051
298.048
298.045
298.042
298.038
298.035
298.032
298.028
298.026
298.049
298.049
298.049
298.049
298.049
298.049
298.049
298.049
298.05
298.05
298.05
298.051
298.051
298.051
298.052
298.053
298.053
298.054
298.055
298.056
298.057
298.057
298.057
298.056
298.056
298.054
298.053
298.052
298.05
298.049
298.047
298.045
298.044
298.043
298.041
298.04
298.039
298.038
298.037
298.035
298.034
298.032
298.03
298.028
298.026
298.024
298.022
298.02
298.018
298.016
298.03
298.03
298.03
298.03
298.03
298.03
298.03
298.03
298.03
298.03
298.031
298.031
298.031
298.032
298.032
298.032
298.033
298.033
298.034
298.034
298.035
298.035
298.035
298.035
298.034
298.034
298.033
298.032
298.031
298.03
298.029
298.028
298.027
298.026
298.025
298.025
298.024
298.023
298.022
298.022
298.021
298.02
298.019
298.017
298.016
298.015
298.013
298.012
298.011
298.01
298.018
298.018
298.018
298.018
298.018
298.018
298.018
298.018
298.018
298.018
298.018
298.018
298.018
298.019
298.019
298.019
298.019
298.02
298.02
298.02
298.021
298.021
298.021
298.021
298.02
298.02
298.019
298.019
298.018
298.018
298.017
298.017
298.016
298.015
298.015
298.015
298.014
298.014
298.013
298.013
298.012
298.012
298.011
298.01
298.009
298.009
298.008
298.007
298.006
298.005
298.01
298.01
298.01
298.01
298.01
298.01
298.01
298.01
298.01
298.01
298.01
298.01
298.01
298.011
298.011
298.011
298.011
298.011
298.011
298.012
298.012
298.012
298.012
298.012
298.012
298.011
298.011
298.011
298.01
298.01
298.01
298.009
298.009
298.009
298.009
298.008
298.008
298.008
298.008
298.007
298.007
298.007
298.006
298.006
298.005
298.005
298.004
298.004
298.003
298.003
298.005
298.005
298.005
298.005
298.005
298.005
298.005
298.005
298.005
298.006
298.006
298.006
298.006
298.006
298.006
298.006
298.006
298.006
298.006
298.006
298.006
298.007
298.007
298.006
298.006
298.006
298.006
298.006
298.006
298.006
298.005
298.005
298.005
298.005
298.005
298.005
298.004
298.004
298.004
298.004
298.004
298.004
298.003
298.003
298.003
298.003
298.002
298.002
298.002
298.002
298.003
298.003
298.003
298.003
298.003
298.003
298.003
298.003
298.003
298.003
298.003
298.003
298.003
298.003
298.003
298.003
298.003
298.003
298.003
298.003
298.003
298.003
298.003
298.003
298.003
298.003
298.003
298.003
298.003
298.003
298.003
298.003
298.003
298.003
298.002
298.002
298.002
298.002
298.002
298.002
298.002
298.002
298.002
298.002
298.001
298.001
298.001
298.001
298.001
298.001
298.001
298.001
298.001
298.001
298.001
298.001
298.001
298.001
298.001
298.001
298.001
298.001
298.001
298.001
298.002
298.002
298.002
298.002
298.002
298.002
298.002
298.002
298.002
298.002
298.002
298.002
298.002
298.002
298.001
298.001
298.001
298.001
298.001
298.001
298.001
298.001
298.001
298.001
298.001
298.001
298.001
298.001
298.001
298.001
298.001
298.001
298.001
298.001
298
298
298.001
298.001
298.001
298.001
298.001
298.001
298.001
298.001
298.001
298.001
298.001
298.001
298.001
298.001
298.001
298.001
298.001
298.001
298.001
298.001
298.001
298.001
298.001
298.001
298.001
298.001
298.001
298.001
298.001
298.001
298.001
298.001
298.001
298.001
298.001
298.001
298.001
298.001
298.001
298
298
298
298
298
298
298
298
298
298
298
298
298
298
298
298
298
298
298
298
298
298
298
298
298
298
298
298
298
298
298
298
298
298
298
298
298
298
298
298
298
298
298
298
298
298
298
298
298
298
298
298
298
298
298
298
298
298
298
298
298
298
298
298
298
298
298
298
298
298
298
298
298
298
298
298
298
298
298
298
298
298
298
298
298
298
298
298
298
298
298
298
298
298
298
298
298
298
298
298
298
298
298
298
298
298
298
298
298
298
298
298
298
298
298
298
298
298
298
298
298
298
298
298
298
298
298
298
298
298
298
298
298
298
298
298
298
298
298
298
298
298
298
298
298
298
298
298
298
298
298
298
298
298
298
298
298
298
298
298
298
298
298
298
298
298
298
298
298
298
298
298
298
298
298
298
298
298
298
298
298
298
298
298
298
298
298
298
298
298
298
298
298
298
298
298
298
298
298
298
298
298
298
298
298
298
298
298
298
298
298
298
298
298
298
298
298
298
298
298
298
298
298
298
298
298
298
298
298
298
298
298
298
298
298
298
298
298
298
298
298
298
298
298
298
298
298
298
298
298
298
298
298
298
298
298
298
298
298
298
298
298
298
298
298
298
298
298
298
298
298
298
298
298
298
298
298
298
298
298
298
298
298
298
298
298
298
298
298
298
298
298
298
298
298
298
298
298
298
298
298
298
298
298
298
298
298
298
298
298
298
298
298
298
298
298
298
298
298
298
298
298
298
298
298
298
298
298
298
298
298
298
298
298
298
298
298
298
298
298
298
298
298
298
298
298
298
298
298
298
298
298
298
298
298
298
298
298
298
298
298
298
298
298
298
298
298
298
298
298
298
298
298
298
298
298
298
298
298
298
298
298
298
298
298
298
298
298
298
298
298
298
298
298
298
298
298
298
298
298
298
298
298
298
298
298
298
298
298
298
298
298
298
298
298
298
298
298
298
298
298
298
298
298
298
298
298
298
298
298
298
298
298
298
298
298
298
298
298
298
298
298
298
298
298
298
298
298
298
298
298
298
298
298
298
298
298
298
298
298
298
298
298
298
298
298
298
298
298
298
298
298
298
298
298
298
298
298
298
298
298
298
298
298
298
298
298
298
298
298
298
298
298
298
298
298
298
298
298
298
298
298
298
298
298
298
298
298
298
298
298
298
298
298
298
298
298
298
298
298
298
298
298
298
298
298
298
298
298
298
298
298
298
298
298
298
298
298
298
298
298
298
298
298
298
298
298
298
298
298
298
298
298
298
298
298
298
298
298
298
298
298
298
298
298
298
298
298
298
298
298
298
298
298
298
298
298
298
298
298
298
298
298
298
298
298
298
298
298
298
298
298
298
298
298
298
298
298
298
298
298
298
298
298
298
298
298
298
298
298
298
298
298
298
298
298
298
298
298
298
298
298
298
298
298
298
298
298
298
298
298
298
298
298
298
298
298
298
298
298
298
298
298
298
298
298
298
298
298
298
298
298
298
298
298
298
298
298
298
298
298
298
298
298
298
298
298
298
298
298
298
298
298
298
298
298
298
298
298
298
298
298
298
298
298
298
298
298
298
298
298
298
298
298
298
298
298
298
298
298
298
298
298
298
298
298
298
298
298
298
298
298
298
298
298
298
298
298
298
298
298
298
298
298
298
298
298
298
298
298
298
298
298
298
298
298
298
298
298
298
298
298
298
298
298
298
298
298
298
298
298
298
298
298
298
298
298
298
298
298
298
298
298
298
298
298
298
298
298
298
298
298
298
298
298
298
298
298
298
298
298
298
298
298
298
298
298
298
298
298
298
298
298
298
298
298
298
298
298
298
298
298
298
298
298
298
298
298
298
298
298
298
298
298
298
298
298
298
298
298
298
298
298
298
298
298
298
298
298
298
298
298
298
298
298
298
298
298
298
298
298
298
298
298
298
298
298
298
298
298
298
298
298
298
298
298
298
298
298
298
298
298
298
298
298
298
298
298
298
298
298
298
298
298
298
298
298
298
298
298
298
298
298
298
298
298
298
298
298
298
298
298
298
298
298
298
298
298
298
298
298
298
298
298
298
298
298
298
298
298
298
298
298
298
298
298
298
298
298
298
298
298
298
298
298
298
298
298
298
298
298
298
298
298
298
298
298
298
298
298
298
298
298
298
298
298
298
298
298
298
298
298
298
298
298
298
298
298
298
298
298
298
298
298
298
298
298
298
298
298
298
298
298
298
298
298
298
298
298
298
298
298
298
298
298
298
298
298
298
298
298
298
298
298
298
298
298
298
298
298
298
298
298
298
298
298
298
298
298
298
298
298
298
298
298
298
298
298
298
298
298
298
298
298
298
298
298
298
298
298
298
298
298
298
298
298
298
298
298
298
298
298
298
298
298
298
298
298
298
298
298
298
298
298
298
298
298
298
298
298
298
298
298
298
298
298
298
298
298
298
298
298
298
298
298
298
298
298
298
298
298
298
298
298
298
298
298
298
298
298
298
298
298
298
298
298
298
298
298
298
298
298
298
298
298
298
298
298
298
298
298
298
298
298
298
298
298
298
298
298
298
298
298
298
298
298
298
298
298
298
298
298
298
298
298
298
298
298
298
298
298
298
298
298
298
298
298
298
298
298
298
298
298
298
298
298
298
298
298
298
298
298
298
298
298
298
298
298
298
298
298
298
298
298
298
298
298
298
298
298
298
298
298
298
298
298
298
298
298
298
298
298
298
298
298
298
298
298
298
298
298
298
298
298
298
298
298
298
298
298
298
298
298
298
298
298
298
298
298
298
298
298
298
298
298
298
298
298
298
298
298
298
298
298
298
298
298
298
298
298
298
298
298
298
298
298
298
298
298
298
298
298
298
298
298
298
298
298
298
298
298
298
298
298
298
298
298
298
298
298
298
298
298
298
298
298
298
298
298
298
298
298
298
298
298
298
298
298
298
298
298
298
298
298
298
298
298
298
298
298
298
298
298
298
298
298
298
298
298
298
298
298
298
298
298
298
298
298
298
298
298
298
298
298
298
298
298
298
298
298
298
298
298
298
298
298
298
298
298
298
298
298
298
298
298
298
298
298
298
298
298
298
298
298
298
298
298
298
298
298
298
298
298
298
298
298
298
298
298
298
298
298
298
298
298
298
298
298
298
298
298
298
298
298
298
298
298
298
298
298
298
298
298
298
298
298
298
298
298
298
298
298
298
298
298
298
298
298
298
298
298
298
298
298
298
298
298
298
298
298
298
298
298
298
298
298
298
298
298
298
298
298
298
298
298
298
298
298
298
298
298
298
298
298
298
298
298
298
298
298
298
298
298
298
298
298
298
298
298
298
298
298
298
298
298
298
298
298
298
298
298
298
298
298
298
298
298
298
298
298
298
298
298
298
298
298
298
298
298
298
298
298
298
298
298
298
298
298
298
298
298
298
298
298
298
298
298
298
298
298
298
298
298
298
298
298
298
298
298
298
298
298
298
298
298
298
298
298
298
298
298
298
298
298
298
298
298
298
298
298
298
298
298
298
298
298
298
298
298
298
298
298
298
298
298
298
298
298
298
298
298
298
298
298
298
298
298
298
298
298
298
298
298
298
298
298
298
298
298
298
298
298
298
298
298
298
298
298
298
298
298
298
298
298
298
298
298
298
298
298
298
298
298
298
298
298
298
298
298
298
298
298
298
298
298
298
298
298
298
298
298
298
298
298
298
298
298
298
298
298
298
298
298
298
298
298
298
298
298
298
298
298
298
298
298
298
298
298
298
298
298
298
298
298
298
298
298
298
298
298
298
298
298
298
298
298
298
298
298
298
298
298
298
298
298
298
298
298
298
298
298
298
298
298
298
298
298
298
298
298
298
298
298
298
298
298
298
298
298
298
298
298
298
298
298
298
298
298
298
298
298
298
298
298
298
298
298
298
298
298
298
298
298
298
298
298
298
298
298
298
298
298
298
298
298
298
298
298
298
298
298
298
298
298
298
298
298
298
298
298
298
298
298
298
298
298
298
298
298
298
298
298
298
298
298
298
298
298
298
298
298
298
298
298
298
298
298
298
298
298
298
298
298
298
298
298
298
298
298
298
298
298
298
298
298
298
298
298
298
298
298
298
298
298
298
298
298
298
298
298
298
298
298
298
298
298
298
298
298
298
298
298
298
298
298
298
298
298
298
298
298
298
298
298
298
298
298
298
298
298
298
298
298
298
298
298
298
298
298
298
298
298
298
298
298
298
298
298
298
298
298
298
298
298
298
298
298
298
298
298
298
298
298
298
298
298
298
298
298
298
298
298
298
298
298
298
298
298
298
298
298
298
298
298
298
298
298
298
298
298
298
298
298
298
298
298
298
298
298
298
298
298
298
298
298
298
298
298
298
298
298
298
298
298
298
298
298
298
298
298
298
298
298
298
298
298
298
298
298
298
298
298
298
298
298
298
298
298
298
298
298
298
298
298
298
298
298
298
298
298
298
298
298
298
298
298
298
298
298
298
298
298
298
298
298
298
298
298
298
298
298
298
298
298
298
298
298
298
298
298
298
298
298
298
298
298
298
298
298
298
298
298
298
298
298
298
298
298
298
298
298
298
298
298
298
298
298
298
298
298
298
298
298
298
298
298
298
298
298
298
298
298
298
298
298
298
298
298
298
298
298
298
298
298
298
298
298
298
298
298
298
298
298
298
298
298
298
298
298
298
298
298
298
298
298
298
298
298
298
298
298
298
298
298
298
298
298
298
298
298
298
298
298
298
298
298
298
298
298
298
298
298
298
298
298
298
298
298
298
298
298
298
298
298
298
298
298
298
298
298
298
298
298
298
298
298
298
298
298
298
298
298
298
298
298
298
298
298
298
298
298
298
298
298
298
298
298
298
298
298
298
298
298
298
298
298
298
298
298
298
298
298
298
298
298
298
298
298
298
298
298
298
298
298
298
298
298
298
298
298
298
298
298
298
298
298
298
298
298
298
298
298
298
298
298
298
298
298
298
298
298
298
298
298
298
298
298
298
298
298
298
298
298
298
298
298
298
298
298
298
298
298
298
298
298
298
298
298
298
298
298
298
298
298
298
298
298
298
298
298
298
298
298
298
298
298
298
298
298
298
298
298
298
298
298
298
298
298
298
298
298
298
298
298
298
298
298
298
298
298
298
298
298
298
298
298
298
298
298
298
298
298
298
298
298
298
298
298
298
298
298
298
298
298
298
298
298
298
298
298
298
298
298
298
298
298
298
298
298
298
298
298
298
298
298
298
298
298
298
298
298
298
298
298
298
298
298
298
298
298
298
298
298
298
298
298
298
298
298
298
298
298
298
298
298
298
298
298
298
298
298
298
298
298
298
298
298
298
298
298
298
298
298
298
298
298
298
298
298
298
298
298
298
298
298
298
298
298
298
298
298
298
298
298
298
298
298
298
298
298
298
298
298
298
298
298
298
298
298
298
298
298
298
298
298
298
298
298
298
298
298
298
298
298
298
298
298
298
298
298
298
298
298
298
298
298
298
298
298
298
298
298
298
298
298
298
298
298
298
298
298
298
298
298
298
298
298
298
298
298
298
298
298
298
298
298
298
298
298
298
298
298
298
298
298
298
298
298
298
298
298
298
298
298
298
298
298
298
298
298
298
298
298
298
298
298
298
298
298
298
298
298
298
298
298
298
298
298
298
298
298
298
298
298
298
298
298
298
298
298
298
298
298
298
298
298
298
298
298
298
298
298
298
298
298
298
298
298
298
298
298
298
298
298
298
298
298
298
298
298
298
298
298
298
298
298
298
298
298
298
298
298
298
298
298
298
298
298
298
298
298
298
298
298
298
298
298
298
298
298
298
298
298
298
298
298
298
298
298
298
298
298
298
298
298
298
298
298
298
298
298
298
298
298
298
298
298
298
298
298
298
298
298
298
298
298
298
298
298
298
298
298
298
298
298
298
298
298
298
298
298
298
298
298
298
298
298
298
298
298
298
298
298
298
298
298
298
298
298
298
298
298
298
298
298
298
298
298
298
298
298
298
298
298
298
298
298
298
298
298
298
298
298
298
298
298
298
298
298
298
298
298
298
298
298
298
298
298
298
298
298
298
298
298
298
298
298
298
298
298
298
298
298
298
298
298
298
298
298
298
298
298
298
298
298
298
298
298
298
298
298
298
298
298
298
298
298
298
298
298
298
298
298
298
298
298
298
298
298
298
298
298
298
298
298
298
298
298
298
298
298
298
298
298
298
298
298
298
298
298
298
298
298
298
298
298
298
298
298
298
298
298
298
298
298
298
298
298
298
298
298
298
298
298
298
298
298
298
298
298
298
298
298
298
298
298
298
298
298
298
298
298
298
298
298
298
298
298
298
298
298
298
298
298
298
298
298
298
298
298
298
298
298
298
298
298
298
298
298
298
298
298
298
298
298
298
298
298
298
298
298
298
298
298
298
298
298
298
298
298
298
298
298
298
298
298
298
298
298
298
298
298
298
298
298
298
298
298
298
298
298
298
298
298
298
298
298
298
298
298
298
298
298
298
298
298
298
298
298
298
298
298
298
298
298
298
298
298
298
298
298
298
298
298
298
298
298
298
298
298
298
298
298
298
298
298
298
298
298
298
298
298
298
298
298
298
298
298
298
298
298
298
298
298
298
298
298
298
298
298
298
298
298
298
298
298
298
298
298
298
298
298
298
298
298
298
298
298
298
298
298
298
298
298
298
298
298
298
298
298
298
298
298
298
298
298
298
298
298
298
298
298
298
298
298
298
298
298
298
298
298
298
298
298
298
298
298
298
298
298
298
298
298
298
298
298
298
298
298
298
298
298
298
298
298
298
298
298
298
298
298
298
298
298
298
298
298
298
298
298
298
298
298
298
298
298
298
298
298
298
298
298
298
298
298
298
298
298
298
298
298
298
298
298
298
298
298
298
298
298
298
298
298
298
298
298
298
298
298
298
298
298
298
298
298
298
298
298
298
298
298
298
298
298
298
298
298
298
298
298
298
298
298
298
298
298
298
298
298
298
298
298
298
298
298
298
298
298
298
298
298
298
298
298
298
298
298
298
298
298
298
298
298
298
298
298
298
298
298
298
298
298
298
298
298
298
298
298
298
298
298
298
298
298
298
298
298
298
298
298
298
298
298
298
298
298
298
298
298
298
298
298
298
298
298
298
298
298
298
298
298
298
298
298
298
298
298
298
298
298
298
298
298
298
298
298
298
298
298
298
298
298
298
298
298
298
298
298
298
298
298
298
298
298
298
298
298
298
298
298
298
298
298
298
298
298
298
298
298
298
298
298
298
298
298
298
298
298
298
298
298
298
298
298
298
298
298
298
298
298
298
298
298
298
298
298
298
298
298
298
298
298
298
298
298
298
298
298
298
298
298
298
298
298
298
298
298
298
298
298
298
298
298
298
298
298
298
298
298
298
298
298
298
298
298
298
298
298
298
298
298
298
298
298
298
298
298
298
298
298
298
298
298
298
298
298
298
298
298
298
298
298
298
298
298
298
298
298
298
298
298
298
298
298
298
298
298
298
298
298
298
298
298
298
298
298
298
298
298
298
298
298
298
298
298
298
298
298
298
298
298
298
298
298
298
298
298
298
298
298
298
298
298
298
298
298
298
298
298
298
298
298
298
298
298
298
298
298
298
298
298
298
298
298
298
298
298
298
298
298
298
298
298
298
298
298
298
298
298
298
298
298
298
298
298
298
298
298
298
298
298
298
298
298
298
298
298
298
298
298
298
298
298
298
298
298
298
298
298
298
298
298
298
298
298
298
298
298
298
298
298
298
298
298
298
298
298
298
298
298
298
298
298
298
298
298
298
298
298
298
298
298
298
298
298
298
298
298
298
298
298
298
298
298
298
298
298
298
298
298
298
298
298
298
298
298
298
298
298
298
298
298
298
298
298
298
298
298
298
298
298
298
298
298
298
298
298
298
298
298
298
298
298
298
298
298
298
298
298
298
298
298
298
298
298
298
298
298
298
298
298
298
298
298
298
298
298
298
298
298
298
298
298
298
298
298
298
298
298
298
298
298
298
298
298
298
298
298
298
298
298
298
298
298
298
298
298
298
298
298
298
298
298
298
298
298
298
298
298
298
298
298
298
298
298
298
298
298
298
298
298
298
298
298
298
298
298
298
298
298
298
298
298
298
298
298
298
298
298
298
298
298
298
298
298
298
298
298
298
298
298
298
298
298
298
298
298
298
298
298
298
298
298
298
298
298
298
298
298
298
298
298
298
298
298
298
298
298
298
298
298
298
298
298
298
298
298
298
298
298
298
298
298
298
298
298
298
298
298
298
298
298
298
298
298
298
298
298
298
298
298
297.999
298
298
298
298
298
298
298
298
298
298
298
298
298
298
298
298
298
298
298
298
298
298
298
298
298
298
298
298
298
298
298
298
298
298
298
298
298
298
298
298
298
298
298
298
298
298
298
298
298
)
;

boundaryField
{
    axis
    {
        type            empty;
    }
    back
    {
        type            zeroGradient;
    }
    wedge-right
    {
        type            wedge;
    }
    wedge-left
    {
        type            wedge;
    }
    outer
    {
        type            fixedGradient;
        gradient        nonuniform List<scalar> 
50
(
1365.06
1364.73
1363.39
1361.53
1359.21
1357.89
1354.89
1351.4
1347.4
1342.85
1337.74
1332.04
1325.74
1318.81
1311.23
1302.95
1293.84
1283.68
1272.38
1259.99
1246.46
1231.58
1214.66
1196.09
1177.47
1158.08
1137.61
1115.97
1093.07
1068.85
1043.26
1016.27
987.912
958.228
927.279
895.139
861.901
827.675
792.6
756.844
720.591
684.04
647.396
610.87
574.669
538.995
504.042
469.981
436.895
404.158
)
;
    }
    inner
    {
        type            fixedValue;
        value           uniform 298;
    }
}


// ************************************************************************* //
