/*--------------------------------*- C++ -*----------------------------------*\
  =========                 |
  \\      /  F ield         | OpenFOAM: The Open Source CFD Toolbox
   \\    /   O peration     | Website:  https://openfoam.org
    \\  /    A nd           | Version:  7
     \\/     M anipulation  |
\*---------------------------------------------------------------------------*/
FoamFile
{
    version     2.0;
    format      ascii;
    class       vectorField;
    location    "constant/porousMat/polyMesh";
    object      points;
}
// * * * * * * * * * * * * * * * * * * * * * * * * * * * * * * * * * * * * * //


404
(
(0.4 0 1e-06)
(0.3999082208 0 1e-06)
(0.3998120715 0 1e-06)
(0.399711344 0 1e-06)
(0.3996058203 0 1e-06)
(0.399495272 0 1e-06)
(0.3993794598 0 1e-06)
(0.3992581331 0 1e-06)
(0.3991310294 0 1e-06)
(0.3989978736 0 1e-06)
(0.3988583774 0 1e-06)
(0.398712239 0 1e-06)
(0.3985591422 0 1e-06)
(0.3983987555 0 1e-06)
(0.3982307318 0 1e-06)
(0.3980547076 0 1e-06)
(0.3978703019 0 1e-06)
(0.3976771156 0 1e-06)
(0.3974747305 0 1e-06)
(0.3972627087 0 1e-06)
(0.3970405914 0 1e-06)
(0.3968078978 0 1e-06)
(0.3965641242 0 1e-06)
(0.3963087433 0 1e-06)
(0.3960412021 0 1e-06)
(0.3957609218 0 1e-06)
(0.3954672958 0 1e-06)
(0.3951596885 0 1e-06)
(0.3948374343 0 1e-06)
(0.3944998356 0 1e-06)
(0.394146162 0 1e-06)
(0.3937756479 0 1e-06)
(0.3933874916 0 1e-06)
(0.3929808528 0 1e-06)
(0.3925548517 0 1e-06)
(0.3921085662 0 1e-06)
(0.3916410305 0 1e-06)
(0.3911512327 0 1e-06)
(0.3906381128 0 1e-06)
(0.3901005603 0 1e-06)
(0.3895374119 0 1e-06)
(0.3889474487 0 1e-06)
(0.388329394 0 1e-06)
(0.3876819102 0 1e-06)
(0.3870035959 0 1e-06)
(0.3862929831 0 1e-06)
(0.3855485341 0 1e-06)
(0.3847686375 0 1e-06)
(0.3839516055 0 1e-06)
(0.38309567 0 1e-06)
(0.3821989784 0 1e-06)
(0.3812595902 0 1e-06)
(0.3802754723 0 1e-06)
(0.3792444949 0 1e-06)
(0.3781644267 0 1e-06)
(0.3770329303 0 1e-06)
(0.3758475568 0 1e-06)
(0.3746057409 0 1e-06)
(0.373304795 0 1e-06)
(0.3719419035 0 1e-06)
(0.370514117 0 1e-06)
(0.3690183453 0 1e-06)
(0.3674513513 0 1e-06)
(0.3658097438 0 1e-06)
(0.3640899698 0 1e-06)
(0.3622883075 0 1e-06)
(0.3604008577 0 1e-06)
(0.3584235356 0 1e-06)
(0.3563520618 0 1e-06)
(0.3541819532 0 1e-06)
(0.3519085132 0 1e-06)
(0.3495268217 0 1e-06)
(0.3470317242 0 1e-06)
(0.3444178207 0 1e-06)
(0.3416794542 0 1e-06)
(0.3388106984 0 1e-06)
(0.3358053446 0 1e-06)
(0.3326568886 0 1e-06)
(0.3293585164 0 1e-06)
(0.3259030899 0 1e-06)
(0.3222831305 0 1e-06)
(0.3184908041 0 1e-06)
(0.3145179033 0 1e-06)
(0.3103558297 0 1e-06)
(0.3059955759 0 1e-06)
(0.3014277053 0 1e-06)
(0.2966423321 0 1e-06)
(0.2916290998 0 1e-06)
(0.2863771586 0 1e-06)
(0.2808751424 0 1e-06)
(0.2751111434 0 1e-06)
(0.2690726873 0 1e-06)
(0.2627467056 0 1e-06)
(0.2561195075 0 1e-06)
(0.2491767504 0 1e-06)
(0.2419034087 0 1e-06)
(0.2342837413 0 1e-06)
(0.2263012577 0 1e-06)
(0.2179386822 0 1e-06)
(0.2091779163 0 1e-06)
(0.2 0 1e-06)
(0.398478 0.03473 0.003039)
(0.3983865701 0.03472203127 0.003038302937)
(0.3982907866 0.03471368311 0.003037572683)
(0.3981904424 0.03470493744 0.003036807658)
(0.3980853201 0.03469577535 0.003036006205)
(0.3979751924 0.03468617699 0.003035166591)
(0.3978598209 0.0346761216 0.003034286997)
(0.3977389559 0.03466558741 0.003033365521)
(0.3976123359 0.03465455163 0.003032400168)
(0.3974796867 0.03464299037 0.00303138885)
(0.3973407213 0.03463087862 0.003030329376)
(0.397195139 0.03461819015 0.003029219455)
(0.3970426246 0.03460489752 0.003028056685)
(0.3968828482 0.03459097194 0.003026838548)
(0.3967154639 0.03457638329 0.003025562408)
(0.3965401095 0.03456109999 0.003024225504)
(0.3963564054 0.03454508896 0.003022824943)
(0.3961639541 0.03452831556 0.003021357693)
(0.3959623392 0.03451074348 0.003019820578)
(0.3957511241 0.03449233469 0.003018210273)
(0.3955298519 0.03447304935 0.003016523292)
(0.3952980437 0.03445284572 0.003014755984)
(0.3950551978 0.03443168009 0.003012904524)
(0.3948007885 0.03440950663 0.003010964905)
(0.3945342654 0.03438627738 0.00300893293)
(0.3942550515 0.03436194204 0.003006804201)
(0.3939625427 0.03433644796 0.003004574111)
(0.3936561059 0.03430973995 0.003002237834)
(0.3933350778 0.03428176023 0.002999790313)
(0.3929987638 0.03425244823 0.002997226252)
(0.3926464359 0.03422174052 0.0029945401)
(0.3922773316 0.03418957063 0.002991726046)
(0.3918906522 0.03415586896 0.002988777998)
(0.3914855607 0.03412056255 0.002985689577)
(0.3910611805 0.034083575 0.002982454099)
(0.3906165931 0.03404482626 0.00297906456)
(0.3901508363 0.03400423247 0.002975513626)
(0.3896629022 0.03396170578 0.002971793612)
(0.3891517348 0.03391715414 0.002967896467)
(0.3886162277 0.03387048115 0.002963813756)
(0.388055222 0.03382158579 0.002959536643)
(0.3874675037 0.03377036224 0.002955055873)
(0.3868518007 0.03371669963 0.002950361747)
(0.3862067805 0.03366048185 0.002945444108)
(0.3855310472 0.03360158721 0.002940292311)
(0.3848231383 0.03353988826 0.002934895207)
(0.3840815219 0.03347525147 0.002929241116)
(0.3833045928 0.03340753695 0.002923317802)
(0.3824906696 0.03333659815 0.002917112444)
(0.3816379909 0.03326228154 0.002910611613)
(0.3807447113 0.0331844263 0.002903801241)
(0.3798088974 0.03310286392 0.002896666587)
(0.3788285241 0.03301741788 0.002889192212)
(0.3778014696 0.03292790327 0.002881361939)
(0.3767255111 0.03283412635 0.002873158821)
(0.37559832 0.03273588417 0.002864565106)
(0.3744174569 0.03263296412 0.002855562194)
(0.3731803661 0.03252514345 0.002846130602)
(0.3718843702 0.03241218882 0.002836249918)
(0.3705266646 0.03229385577 0.002825898757)
(0.3691043108 0.03216988821 0.002815054719)
(0.3676142305 0.03204001783 0.002803694333)
(0.3660531989 0.03190396358 0.002791793013)
(0.3644178377 0.031761431 0.002779325004)
(0.3627046075 0.03161211163 0.002766263321)
(0.3609098005 0.0314556823 0.002752579696)
(0.3590295325 0.03129180447 0.002738244515)
(0.3570597341 0.03112012348 0.002723226753)
(0.3549961422 0.03094026777 0.002707493909)
(0.3528342909 0.03075184809 0.002691011935)
(0.3505695014 0.03055445666 0.002673745158)
(0.3481968722 0.0303476663 0.002655656211)
(0.3457112685 0.03013102945 0.002636705945)
(0.3431073109 0.02990407728 0.002616853348)
(0.3403793639 0.02966631861 0.002596055455)
(0.3375215237 0.02941723889 0.002574267254)
(0.3345276052 0.02915629904 0.002551441592)
(0.3313911291 0.02888293435 0.002527529069)
(0.3281053073 0.02859655319 0.002502477932)
(0.3246630286 0.02829653578 0.002476233968)
(0.3210568432 0.02798223281 0.002448740377)
(0.3172789466 0.02765296407 0.002419937657)
(0.3133211626 0.02730801695 0.002389763475)
(0.3091749258 0.02694664491 0.002358152527)
(0.3048312627 0.02656806588 0.002325036399)
(0.3002807729 0.02617146051 0.002290343422)
(0.2955136081 0.02575597049 0.002253998513)
(0.2905194511 0.02532069659 0.002215923013)
(0.2852874936 0.0248646968 0.00217603452)
(0.2798064124 0.02438698424 0.002134246706)
(0.2740643455 0.02388652503 0.002090469134)
(0.2680488658 0.02336223608 0.00204460706)
(0.2617469544 0.02281298272 0.001996561229)
(0.2551449728 0.02223757624 0.00194622766)
(0.2482286329 0.02163477135 0.001893497419)
(0.2409829662 0.02100326346 0.001838256389)
(0.2333922917 0.02034168584 0.001780385015)
(0.2254401814 0.0196486067 0.001719758052)
(0.2171094255 0.01892252608 0.001656244291)
(0.2083819944 0.01816187259 0.001589706274)
(0.199239 0.017365 0.00152)
(0.4 0 -1e-06)
(0.3999082208 0 -1e-06)
(0.3998120715 0 -1e-06)
(0.399711344 0 -1e-06)
(0.3996058203 0 -1e-06)
(0.399495272 0 -1e-06)
(0.3993794598 0 -1e-06)
(0.3992581331 0 -1e-06)
(0.3991310294 0 -1e-06)
(0.3989978736 0 -1e-06)
(0.3988583774 0 -1e-06)
(0.398712239 0 -1e-06)
(0.3985591422 0 -1e-06)
(0.3983987555 0 -1e-06)
(0.3982307318 0 -1e-06)
(0.3980547076 0 -1e-06)
(0.3978703019 0 -1e-06)
(0.3976771156 0 -1e-06)
(0.3974747305 0 -1e-06)
(0.3972627087 0 -1e-06)
(0.3970405914 0 -1e-06)
(0.3968078978 0 -1e-06)
(0.3965641242 0 -1e-06)
(0.3963087433 0 -1e-06)
(0.3960412021 0 -1e-06)
(0.3957609218 0 -1e-06)
(0.3954672958 0 -1e-06)
(0.3951596885 0 -1e-06)
(0.3948374343 0 -1e-06)
(0.3944998356 0 -1e-06)
(0.394146162 0 -1e-06)
(0.3937756479 0 -1e-06)
(0.3933874916 0 -1e-06)
(0.3929808528 0 -1e-06)
(0.3925548517 0 -1e-06)
(0.3921085662 0 -1e-06)
(0.3916410305 0 -1e-06)
(0.3911512327 0 -1e-06)
(0.3906381128 0 -1e-06)
(0.3901005603 0 -1e-06)
(0.3895374119 0 -1e-06)
(0.3889474487 0 -1e-06)
(0.388329394 0 -1e-06)
(0.3876819102 0 -1e-06)
(0.3870035959 0 -1e-06)
(0.3862929831 0 -1e-06)
(0.3855485341 0 -1e-06)
(0.3847686375 0 -1e-06)
(0.3839516055 0 -1e-06)
(0.38309567 0 -1e-06)
(0.3821989784 0 -1e-06)
(0.3812595902 0 -1e-06)
(0.3802754723 0 -1e-06)
(0.3792444949 0 -1e-06)
(0.3781644267 0 -1e-06)
(0.3770329303 0 -1e-06)
(0.3758475568 0 -1e-06)
(0.3746057409 0 -1e-06)
(0.373304795 0 -1e-06)
(0.3719419035 0 -1e-06)
(0.370514117 0 -1e-06)
(0.3690183453 0 -1e-06)
(0.3674513513 0 -1e-06)
(0.3658097438 0 -1e-06)
(0.3640899698 0 -1e-06)
(0.3622883075 0 -1e-06)
(0.3604008577 0 -1e-06)
(0.3584235356 0 -1e-06)
(0.3563520618 0 -1e-06)
(0.3541819532 0 -1e-06)
(0.3519085132 0 -1e-06)
(0.3495268217 0 -1e-06)
(0.3470317242 0 -1e-06)
(0.3444178207 0 -1e-06)
(0.3416794542 0 -1e-06)
(0.3388106984 0 -1e-06)
(0.3358053446 0 -1e-06)
(0.3326568886 0 -1e-06)
(0.3293585164 0 -1e-06)
(0.3259030899 0 -1e-06)
(0.3222831305 0 -1e-06)
(0.3184908041 0 -1e-06)
(0.3145179033 0 -1e-06)
(0.3103558297 0 -1e-06)
(0.3059955759 0 -1e-06)
(0.3014277053 0 -1e-06)
(0.2966423321 0 -1e-06)
(0.2916290998 0 -1e-06)
(0.2863771586 0 -1e-06)
(0.2808751424 0 -1e-06)
(0.2751111434 0 -1e-06)
(0.2690726873 0 -1e-06)
(0.2627467056 0 -1e-06)
(0.2561195075 0 -1e-06)
(0.2491767504 0 -1e-06)
(0.2419034087 0 -1e-06)
(0.2342837413 0 -1e-06)
(0.2263012577 0 -1e-06)
(0.2179386822 0 -1e-06)
(0.2091779163 0 -1e-06)
(0.2 0 -1e-06)
(0.398478 0.03473 -0.003039)
(0.3983865701 0.03472203127 -0.003038302937)
(0.3982907866 0.03471368311 -0.003037572683)
(0.3981904424 0.03470493744 -0.003036807658)
(0.3980853201 0.03469577535 -0.003036006205)
(0.3979751924 0.03468617699 -0.003035166591)
(0.3978598209 0.0346761216 -0.003034286997)
(0.3977389559 0.03466558741 -0.003033365521)
(0.3976123359 0.03465455163 -0.003032400168)
(0.3974796867 0.03464299037 -0.00303138885)
(0.3973407213 0.03463087862 -0.003030329376)
(0.397195139 0.03461819015 -0.003029219455)
(0.3970426246 0.03460489752 -0.003028056685)
(0.3968828482 0.03459097194 -0.003026838548)
(0.3967154639 0.03457638329 -0.003025562408)
(0.3965401095 0.03456109999 -0.003024225504)
(0.3963564054 0.03454508896 -0.003022824943)
(0.3961639541 0.03452831556 -0.003021357693)
(0.3959623392 0.03451074348 -0.003019820578)
(0.3957511241 0.03449233469 -0.003018210273)
(0.3955298519 0.03447304935 -0.003016523292)
(0.3952980437 0.03445284572 -0.003014755984)
(0.3950551978 0.03443168009 -0.003012904524)
(0.3948007885 0.03440950663 -0.003010964905)
(0.3945342654 0.03438627738 -0.00300893293)
(0.3942550515 0.03436194204 -0.003006804201)
(0.3939625427 0.03433644796 -0.003004574111)
(0.3936561059 0.03430973995 -0.003002237834)
(0.3933350778 0.03428176023 -0.002999790313)
(0.3929987638 0.03425244823 -0.002997226252)
(0.3926464359 0.03422174052 -0.0029945401)
(0.3922773316 0.03418957063 -0.002991726046)
(0.3918906522 0.03415586896 -0.002988777998)
(0.3914855607 0.03412056255 -0.002985689577)
(0.3910611805 0.034083575 -0.002982454099)
(0.3906165931 0.03404482626 -0.00297906456)
(0.3901508363 0.03400423247 -0.002975513626)
(0.3896629022 0.03396170578 -0.002971793612)
(0.3891517348 0.03391715414 -0.002967896467)
(0.3886162277 0.03387048115 -0.002963813756)
(0.388055222 0.03382158579 -0.002959536643)
(0.3874675037 0.03377036224 -0.002955055873)
(0.3868518007 0.03371669963 -0.002950361747)
(0.3862067805 0.03366048185 -0.002945444108)
(0.3855310472 0.03360158721 -0.002940292311)
(0.3848231383 0.03353988826 -0.002934895207)
(0.3840815219 0.03347525147 -0.002929241116)
(0.3833045928 0.03340753695 -0.002923317802)
(0.3824906696 0.03333659815 -0.002917112444)
(0.3816379909 0.03326228154 -0.002910611613)
(0.3807447113 0.0331844263 -0.002903801241)
(0.3798088974 0.03310286392 -0.002896666587)
(0.3788285241 0.03301741788 -0.002889192212)
(0.3778014696 0.03292790327 -0.002881361939)
(0.3767255111 0.03283412635 -0.002873158821)
(0.37559832 0.03273588417 -0.002864565106)
(0.3744174569 0.03263296412 -0.002855562194)
(0.3731803661 0.03252514345 -0.002846130602)
(0.3718843702 0.03241218882 -0.002836249918)
(0.3705266646 0.03229385577 -0.002825898757)
(0.3691043108 0.03216988821 -0.002815054719)
(0.3676142305 0.03204001783 -0.002803694333)
(0.3660531989 0.03190396358 -0.002791793013)
(0.3644178377 0.031761431 -0.002779325004)
(0.3627046075 0.03161211163 -0.002766263321)
(0.3609098005 0.0314556823 -0.002752579696)
(0.3590295325 0.03129180447 -0.002738244515)
(0.3570597341 0.03112012348 -0.002723226753)
(0.3549961422 0.03094026777 -0.002707493909)
(0.3528342909 0.03075184809 -0.002691011935)
(0.3505695014 0.03055445666 -0.002673745158)
(0.3481968722 0.0303476663 -0.002655656211)
(0.3457112685 0.03013102945 -0.002636705945)
(0.3431073109 0.02990407728 -0.002616853348)
(0.3403793639 0.02966631861 -0.002596055455)
(0.3375215237 0.02941723889 -0.002574267254)
(0.3345276052 0.02915629904 -0.002551441592)
(0.3313911291 0.02888293435 -0.002527529069)
(0.3281053073 0.02859655319 -0.002502477932)
(0.3246630286 0.02829653578 -0.002476233968)
(0.3210568432 0.02798223281 -0.002448740377)
(0.3172789466 0.02765296407 -0.002419937657)
(0.3133211626 0.02730801695 -0.002389763475)
(0.3091749258 0.02694664491 -0.002358152527)
(0.3048312627 0.02656806588 -0.002325036399)
(0.3002807729 0.02617146051 -0.002290343422)
(0.2955136081 0.02575597049 -0.002253998513)
(0.2905194511 0.02532069659 -0.002215923013)
(0.2852874936 0.0248646968 -0.00217603452)
(0.2798064124 0.02438698424 -0.002134246706)
(0.2740643455 0.02388652503 -0.002090469134)
(0.2680488658 0.02336223608 -0.00204460706)
(0.2617469544 0.02281298272 -0.001996561229)
(0.2551449728 0.02223757624 -0.00194622766)
(0.2482286329 0.02163477135 -0.001893497419)
(0.2409829662 0.02100326346 -0.001838256389)
(0.2333922917 0.02034168584 -0.001780385015)
(0.2254401814 0.0196486067 -0.001719758052)
(0.2171094255 0.01892252608 -0.001656244291)
(0.2083819944 0.01816187259 -0.001589706274)
(0.199239 0.017365 -0.00152)
)


// ************************************************************************* //
