# HEGEL:: NS surface quantity file for 'WALL' patch
# x [m]  r [m]  qn [W/m^2]  p [Pa]  T [K]  tau_xx [Pa]  tau_xy [Pa]  tau_yy [Pa]
 -0.29998149E+00   0.23560976E-02   0.54636600E+05   0.83007318E+04   0.31006010E+03   0.20149586E+00  -0.21930254E+00  -0.99034861E-01
 -0.29990748E+00   0.70677115E-02   0.54629397E+05   0.82958754E+04   0.31005650E+03   0.17415412E+00  -0.65645710E+00  -0.71683561E-01
 -0.29975947E+00   0.11777581E-01   0.54632431E+05   0.82861981E+04   0.31004937E+03   0.11953114E+00  -0.10925039E+01  -0.17011982E-01
 -0.29953749E+00   0.16484546E-01   0.54614206E+05   0.82716044E+04   0.31004396E+03   0.37572043E-01  -0.15257073E+01   0.64966933E-01
 -0.29924161E+00   0.21187442E-01   0.54589785E+05   0.82521191E+04   0.31004022E+03  -0.71322175E-01  -0.19532462E+01   0.17388018E+00
 -0.29887189E+00   0.25885111E-01   0.54558779E+05   0.82278645E+04   0.31003564E+03  -0.20684635E+00  -0.23739784E+01   0.30942315E+00
 -0.29842844E+00   0.30576394E-01   0.54522981E+05   0.81989130E+04   0.31003028E+03  -0.36862587E+00  -0.27867179E+01   0.47123111E+00
 -0.29791135E+00   0.35260132E-01   0.54481626E+05   0.81653208E+04   0.31002437E+03  -0.55633925E+00  -0.31905679E+01   0.65897655E+00
 -0.29732075E+00   0.39935170E-01   0.54436381E+05   0.81271375E+04   0.31001792E+03  -0.76951888E+00  -0.35842633E+01   0.87220222E+00
 -0.29665680E+00   0.44600355E-01   0.54385989E+05   0.80844132E+04   0.31001227E+03  -0.10077888E+01  -0.39669109E+01   0.11105226E+01
 -0.29591965E+00   0.49254535E-01   0.54331680E+05   0.80372031E+04   0.31000743E+03  -0.12705637E+01  -0.43371558E+01   0.13733603E+01
 -0.29510949E+00   0.53896562E-01   0.54271899E+05   0.79855695E+04   0.31000083E+03  -0.15573464E+01  -0.46940116E+01   0.16602112E+01
 -0.29422651E+00   0.58525291E-01   0.54207941E+05   0.79295811E+04   0.30999245E+03  -0.18673760E+01  -0.50360162E+01   0.19703227E+01
 -0.29327094E+00   0.63139581E-01   0.54137830E+05   0.78693136E+04   0.30998338E+03  -0.22001673E+01  -0.53624539E+01   0.23031964E+01
 -0.29224300E+00   0.67738291E-01   0.54063661E+05   0.78048496E+04   0.30997359E+03  -0.25547364E+01  -0.56717104E+01   0.26578615E+01
 -0.29114296E+00   0.72320288E-01   0.53982916E+05   0.77362781E+04   0.30996313E+03  -0.29305941E+01  -0.59632611E+01   0.30338130E+01
 -0.28997109E+00   0.76884441E-01   0.53898029E+05   0.76636940E+04   0.30995197E+03  -0.33265379E+01  -0.62354131E+01   0.34298638E+01
 -0.28872767E+00   0.81429623E-01   0.53806131E+05   0.75871978E+04   0.30994010E+03  -0.37421084E+01  -0.64878553E+01   0.38455366E+01
 -0.28741301E+00   0.85954715E-01   0.53710012E+05   0.75068957E+04   0.30992751E+03  -0.41758642E+01  -0.67188272E+01   0.42794073E+01
 -0.28602743E+00   0.90458598E-01   0.53606452E+05   0.74228983E+04   0.30991419E+03  -0.46274168E+01  -0.69282510E+01   0.47310675E+01
 -0.28457128E+00   0.94940162E-01   0.53498613E+05   0.73353211E+04   0.30990012E+03  -0.50950652E+01  -0.71143088E+01   0.51988356E+01
 -0.28304492E+00   0.99398301E-01   0.53382922E+05   0.72442835E+04   0.30988529E+03  -0.55785386E+01  -0.72771695E+01   0.56824185E+01
 -0.28144872E+00   0.10383191E+00   0.53262918E+05   0.71499082E+04   0.30986969E+03  -0.60758583E+01  -0.74149734E+01   0.61798592E+01
 -0.27978308E+00   0.10823991E+00   0.53134666E+05   0.70523209E+04   0.30985334E+03  -0.65869224E+01  -0.75281423E+01   0.66910318E+01
 -0.27804840E+00   0.11262120E+00   0.53002089E+05   0.69516492E+04   0.30983620E+03  -0.71094605E+01  -0.76147929E+01   0.72136891E+01
 -0.27624512E+00   0.11697470E+00   0.52860886E+05   0.68480224E+04   0.30981829E+03  -0.76435925E+01  -0.76755959E+01   0.77479251E+01
 -0.27437369E+00   0.12129934E+00   0.52715358E+05   0.67415699E+04   0.30979960E+03  -0.81867510E+01  -0.77086693E+01   0.82911977E+01
 -0.27243455E+00   0.12559405E+00   0.52560800E+05   0.66324198E+04   0.30978011E+03  -0.87393327E+01  -0.77149187E+01   0.88438755E+01
 -0.27042819E+00   0.12985777E+00   0.52401812E+05   0.65206979E+04   0.30975980E+03  -0.92984483E+01  -0.76924683E+01   0.94030961E+01
 -0.26835511E+00   0.13408945E+00   0.52233122E+05   0.64065259E+04   0.30973860E+03  -0.98647688E+01  -0.76423928E+01   0.99694999E+01
 -0.26621582E+00   0.13828805E+00   0.52059415E+05   0.62900228E+04   0.30971646E+03  -0.10434938E+02  -0.75627556E+01   0.10539758E+02
 -0.26401085E+00   0.14245252E+00   0.51874459E+05   0.61713077E+04   0.30969312E+03  -0.11009704E+02  -0.74546397E+01   0.11114584E+02
 -0.26174073E+00   0.14658185E+00   0.51682750E+05   0.60505129E+04   0.30966848E+03  -0.11584739E+02  -0.73158442E+01   0.11689677E+02
 -0.25940603E+00   0.15067501E+00   0.51476985E+05   0.59278152E+04   0.30964210E+03  -0.12160339E+02  -0.71472536E+01   0.12265294E+02
 -0.25700733E+00   0.15473100E+00   0.51262922E+05   0.58034572E+04   0.30961394E+03  -0.12730888E+02  -0.69465379E+01   0.12835849E+02
 -0.25454521E+00   0.15874880E+00   0.51033796E+05   0.56777165E+04   0.30958370E+03  -0.13297430E+02  -0.67152256E+01   0.13402343E+02
 -0.25202029E+00   0.16272744E+00   0.50797062E+05   0.55508569E+04   0.30955139E+03  -0.13854524E+02  -0.64517354E+01   0.13959373E+02
 -0.24943319E+00   0.16666593E+00   0.50545085E+05   0.54231086E+04   0.30951671E+03  -0.14404710E+02  -0.61582950E+01   0.14509437E+02
 -0.24678454E+00   0.17056329E+00   0.50286293E+05   0.52946703E+04   0.30947966E+03  -0.14942108E+02  -0.58335707E+01   0.15046698E+02
 -0.24407501E+00   0.17441858E+00   0.50011407E+05   0.51657163E+04   0.30943978E+03  -0.15470233E+02  -0.54799689E+01   0.15574622E+02
 -0.24130525E+00   0.17823082E+00   0.49729682E+05   0.50364038E+04   0.30939702E+03  -0.15981953E+02  -0.50961474E+01   0.16086125E+02
 -0.23847595E+00   0.18199909E+00   0.49429125E+05   0.49068797E+04   0.30935058E+03  -0.16481237E+02  -0.46844564E+01   0.16585114E+02
 -0.23558781E+00   0.18572246E+00   0.49118873E+05   0.47772954E+04   0.30930021E+03  -0.16958064E+02  -0.42433958E+01   0.17061615E+02
 -0.23264155E+00   0.18940000E+00   0.48781515E+05   0.46478612E+04   0.30924451E+03  -0.17414365E+02  -0.37749359E+01   0.17517479E+02
 -0.22963788E+00   0.19303081E+00   0.48425883E+05   0.45191014E+04   0.30918324E+03  -0.17831452E+02  -0.32773046E+01   0.17934086E+02
 -0.22657756E+00   0.19661399E+00   0.48042190E+05   0.43920936E+04   0.30911745E+03  -0.18209103E+02  -0.27533778E+01   0.18311126E+02
 -0.22346132E+00   0.20014866E+00   0.47667052E+05   0.42677351E+04   0.30904814E+03  -0.18543392E+02  -0.22056992E+01   0.18644703E+02
 -0.22028996E+00   0.20363394E+00   0.47284079E+05   0.41458040E+04   0.30897749E+03  -0.18862871E+02  -0.16397628E+01   0.18963404E+02
 -0.21706424E+00   0.20706899E+00   0.46906590E+05   0.40254937E+04   0.30890519E+03  -0.19161898E+02  -0.10558883E+01   0.19261715E+02
 -0.21378496E+00   0.21045294E+00   0.46510742E+05   0.39063160E+04   0.30883038E+03  -0.19449852E+02  -0.45489537E+00   0.19548902E+02
 -0.21045294E+00   0.21378496E+00   0.46115712E+05   0.37881614E+04   0.30875286E+03  -0.19709988E+02   0.16297171E+00   0.19808277E+02
 -0.20706899E+00   0.21706424E+00   0.45698735E+05   0.36710812E+04   0.30867244E+03  -0.19952513E+02   0.79693961E+00   0.20049952E+02
 -0.20363394E+00   0.22028996E+00   0.45282075E+05   0.35551721E+04   0.30858903E+03  -0.20161295E+02   0.14452416E+01   0.20257873E+02
 -0.20014866E+00   0.22346132E+00   0.44841577E+05   0.34405384E+04   0.30850272E+03  -0.20348986E+02   0.21075621E+01   0.20444600E+02
 -0.19661399E+00   0.22657756E+00   0.44401574E+05   0.33272815E+04   0.30841348E+03  -0.20499226E+02   0.27808532E+01   0.20593860E+02
 -0.19303081E+00   0.22963788E+00   0.43936060E+05   0.32155005E+04   0.30832139E+03  -0.20626005E+02   0.34655671E+01   0.20719549E+02
 -0.18940000E+00   0.23264155E+00   0.43471175E+05   0.31052942E+04   0.30822640E+03  -0.20712306E+02   0.41573214E+01   0.20804737E+02
 -0.18572246E+00   0.23558781E+00   0.42979190E+05   0.29967618E+04   0.30812855E+03  -0.20773022E+02   0.48574416E+01   0.20864225E+02
 -0.18199909E+00   0.23847595E+00   0.42488010E+05   0.28900023E+04   0.30802779E+03  -0.20790642E+02   0.55601275E+01   0.20880586E+02
 -0.17823082E+00   0.24130525E+00   0.41968349E+05   0.27851141E+04   0.30792414E+03  -0.20780834E+02   0.62676662E+01   0.20869400E+02
 -0.17441858E+00   0.24407501E+00   0.41449925E+05   0.26821930E+04   0.30781758E+03  -0.20725896E+02   0.69728167E+01   0.20813046E+02
 -0.17056329E+00   0.24678454E+00   0.40902086E+05   0.25813291E+04   0.30770814E+03  -0.20642275E+02   0.76789615E+01   0.20727890E+02
 -0.16666593E+00   0.24943319E+00   0.40356277E+05   0.24826035E+04   0.30759581E+03  -0.20512448E+02   0.83774954E+01   0.20596485E+02
 -0.16272744E+00   0.25202029E+00   0.39780531E+05   0.23860873E+04   0.30748070E+03  -0.20353500E+02   0.90730145E+01   0.20435845E+02
 -0.15874880E+00   0.25454521E+00   0.39207908E+05   0.22918398E+04   0.30736281E+03  -0.20148332E+02   0.97556544E+01   0.20228938E+02
 -0.15473100E+00   0.25700733E+00   0.38605175E+05   0.21999080E+04   0.30724225E+03  -0.19914438E+02   0.10431298E+02   0.19993200E+02
 -0.15067501E+00   0.25940603E+00   0.38006789E+05   0.21103268E+04   0.30711904E+03  -0.19635294E+02   0.11088921E+02   0.19712163E+02
 -0.14658185E+00   0.26174073E+00   0.37378356E+05   0.20231211E+04   0.30699329E+03  -0.19328468E+02   0.11735666E+02   0.19403349E+02
 -0.14245252E+00   0.26401085E+00   0.36755550E+05   0.19383067E+04   0.30686499E+03  -0.18978130E+02   0.12359438E+02   0.19050974E+02
 -0.13828805E+00   0.26621582E+00   0.36102944E+05   0.18558916E+04   0.30673415E+03  -0.18601643E+02   0.12968566E+02   0.18672372E+02
 -0.13408945E+00   0.26835511E+00   0.35457298E+05   0.17758786E+04   0.30660080E+03  -0.18183971E+02   0.13549962E+02   0.18252535E+02
 -0.12985777E+00   0.27042819E+00   0.34782303E+05   0.16982665E+04   0.30646490E+03  -0.17742070E+02   0.14113055E+02   0.17808407E+02
 -0.12559405E+00   0.27243455E+00   0.34115815E+05   0.16230500E+04   0.30632646E+03  -0.17261869E+02   0.14643904E+02   0.17325931E+02
 -0.12129934E+00   0.27437369E+00   0.33420644E+05   0.15502202E+04   0.30618558E+03  -0.16759832E+02   0.15153016E+02   0.16821577E+02
 -0.11697470E+00   0.27624512E+00   0.32735704E+05   0.14797658E+04   0.30604229E+03  -0.16222959E+02   0.15625733E+02   0.16282339E+02
 -0.11262120E+00   0.27804840E+00   0.32023138E+05   0.14116716E+04   0.30589674E+03  -0.15667115E+02   0.16073596E+02   0.15724112E+02
 -0.10823991E+00   0.27978308E+00   0.31322668E+05   0.13459191E+04   0.30574897E+03  -0.15080545E+02   0.16481478E+02   0.15135112E+02
 -0.10383191E+00   0.28144872E+00   0.30595970E+05   0.12824862E+04   0.30559905E+03  -0.14478346E+02   0.16861842E+02   0.14530490E+02
 -0.99398301E-01   0.28304492E+00   0.29883399E+05   0.12213465E+04   0.30544703E+03  -0.13850098E+02   0.17199331E+02   0.13899775E+02
 -0.94940162E-01   0.28457128E+00   0.29146230E+05   0.11624703E+04   0.30529300E+03  -0.13210012E+02   0.17507246E+02   0.13257257E+02
 -0.90458598E-01   0.28602743E+00   0.28425326E+05   0.11058239E+04   0.30513704E+03  -0.12549001E+02   0.17770180E+02   0.12593770E+02
 -0.85954715E-01   0.28741301E+00   0.27681663E+05   0.10513699E+04   0.30497932E+03  -0.11880281E+02   0.18002175E+02   0.11922639E+02
 -0.81429623E-01   0.28872767E+00   0.26956386E+05   0.99906819E+03   0.30481992E+03  -0.11196064E+02   0.18187937E+02   0.11235969E+02
 -0.76884441E-01   0.28997109E+00   0.26210412E+05   0.94887540E+03   0.30465906E+03  -0.10508446E+02   0.18342091E+02   0.10545992E+02
 -0.72320288E-01   0.29114296E+00   0.25484846E+05   0.90074541E+03   0.30449683E+03  -0.98109283E+01   0.18449678E+02   0.98460735E+01
 -0.67738291E-01   0.29224300E+00   0.24740786E+05   0.85463070E+03   0.30433356E+03  -0.91143481E+01   0.18525663E+02   0.91472140E+01
 -0.63139581E-01   0.29327094E+00   0.24019058E+05   0.81048147E+03   0.30416936E+03  -0.84134457E+01   0.18555620E+02   0.84439907E+01
 -0.58525291E-01   0.29422651E+00   0.23281154E+05   0.76824619E+03   0.30400468E+03  -0.77177566E+01   0.18554697E+02   0.77461295E+01
 -0.53896562E-01   0.29510949E+00   0.22567266E+05   0.72787246E+03   0.30383961E+03  -0.70231639E+01   0.18509142E+02   0.70493215E+01
 -0.49254535E-01   0.29591965E+00   0.21839697E+05   0.68930718E+03   0.30367469E+03  -0.63378356E+01   0.18434020E+02   0.63619511E+01
 -0.44600355E-01   0.29665680E+00   0.21137544E+05   0.65249628E+03   0.30351002E+03  -0.56587276E+01   0.18316473E+02   0.56807552E+01
 -0.39935170E-01   0.29732075E+00   0.20424285E+05   0.61738526E+03   0.30334614E+03  -0.49926296E+01   0.18171248E+02   0.50127639E+01
 -0.35260132E-01   0.29791135E+00   0.19737507E+05   0.58391953E+03   0.30318314E+03  -0.43374386E+01   0.17986478E+02   0.43556308E+01
 -0.30576394E-01   0.29842844E+00   0.19042203E+05   0.55204500E+03   0.30302152E+03  -0.36985804E+01   0.17776274E+02   0.37150428E+01
 -0.25885111E-01   0.29887189E+00   0.18373942E+05   0.52170902E+03   0.30286134E+03  -0.30747281E+01   0.17529592E+02   0.30894095E+01
 -0.21187442E-01   0.29924161E+00   0.17699162E+05   0.49286356E+03   0.30270306E+03  -0.24699453E+01   0.17258868E+02   0.24830731E+01
 -0.16484546E-01   0.29953749E+00   0.17049993E+05   0.46547379E+03   0.30254655E+03  -0.18834111E+01   0.16951303E+02   0.18949409E+01
 -0.11777581E-01   0.29975947E+00   0.16391311E+05   0.43954343E+03   0.30239377E+03  -0.13178045E+01   0.16609300E+02   0.13280003E+01
 -0.70677115E-02   0.29990748E+00   0.15740341E+05   0.41518720E+03   0.30224247E+03  -0.77308241E+00   0.16190856E+02   0.78202619E+00
 -0.23560976E-02   0.29998149E+00   0.15024940E+05   0.39777860E+03   0.30214805E+03  -0.26317204E+00   0.15510940E+02   0.28229946E+00
