/*--------------------------------*- C++ -*----------------------------------*\
  =========                 |
  \\      /  F ield         | OpenFOAM: The Open Source CFD Toolbox
   \\    /   O peration     | Website:  https://openfoam.org
    \\  /    A nd           | Version:  7
     \\/     M anipulation  |
\*---------------------------------------------------------------------------*/
FoamFile
{
    version     2.0;
    format      ascii;
    class       volScalarField;
    location    "0.05/porousMat";
    object      Ta;
}
// * * * * * * * * * * * * * * * * * * * * * * * * * * * * * * * * * * * * * //

dimensions      [0 0 0 1 0 0 0];

internalField   nonuniform List<scalar> 
5000
(
303.4
303.392
303.389
303.385
303.379
303.376
303.369
303.361
303.352
303.342
303.331
303.32
303.308
303.295
303.283
303.27
303.256
303.24
303.221
303.197
303.165
303.124
303.069
303
302.925
302.841
302.749
302.651
302.548
302.44
302.328
302.212
302.094
301.974
301.851
301.727
301.599
301.469
301.336
301.199
301.058
300.913
300.763
300.61
300.454
300.298
300.143
299.991
299.843
299.705
302.901
302.893
302.89
302.886
302.881
302.879
302.873
302.866
302.858
302.85
302.841
302.832
302.822
302.812
302.802
302.792
302.782
302.769
302.754
302.735
302.708
302.672
302.623
302.562
302.493
302.417
302.332
302.242
302.147
302.048
301.946
301.841
301.733
301.623
301.512
301.399
301.284
301.166
301.046
300.922
300.794
300.662
300.526
300.386
300.244
300.101
299.958
299.819
299.683
299.557
302.42
302.413
302.411
302.407
302.403
302.401
302.396
302.39
302.384
302.378
302.37
302.363
302.355
302.348
302.34
302.333
302.325
302.316
302.305
302.289
302.267
302.236
302.193
302.138
302.076
302.006
301.93
301.847
301.761
301.67
301.577
301.481
301.384
301.284
301.184
301.083
300.979
300.873
300.765
300.654
300.539
300.419
300.296
300.169
300.04
299.909
299.78
299.652
299.529
299.414
301.961
301.954
301.952
301.949
301.946
301.944
301.94
301.936
301.931
301.925
301.92
301.914
301.908
301.903
301.897
301.892
301.887
301.881
301.873
301.861
301.843
301.817
301.779
301.73
301.674
301.611
301.542
301.467
301.389
301.307
301.222
301.136
301.048
300.959
300.869
300.778
300.686
300.591
300.494
300.395
300.292
300.185
300.074
299.96
299.843
299.725
299.607
299.491
299.379
299.276
301.525
301.518
301.517
301.514
301.512
301.51
301.507
301.503
301.499
301.495
301.491
301.487
301.483
301.479
301.475
301.472
301.469
301.466
301.461
301.452
301.438
301.415
301.383
301.34
301.29
301.234
301.171
301.104
301.033
300.959
300.883
300.806
300.727
300.647
300.567
300.487
300.405
300.321
300.235
300.147
300.056
299.96
299.861
299.759
299.653
299.547
299.441
299.337
299.236
299.143
301.112
301.106
301.105
301.103
301.101
301.1
301.098
301.095
301.092
301.089
301.086
301.083
301.08
301.078
301.076
301.075
301.074
301.072
301.069
301.063
301.052
301.034
301.006
300.969
300.925
300.874
300.818
300.758
300.694
300.629
300.561
300.492
300.422
300.351
300.281
300.21
300.137
300.064
299.988
299.911
299.83
299.746
299.658
299.567
299.473
299.378
299.283
299.19
299.099
299.016
300.726
300.72
300.719
300.718
300.716
300.715
300.714
300.712
300.709
300.707
300.705
300.703
300.702
300.701
300.7
300.701
300.701
300.701
300.701
300.697
300.689
300.674
300.65
300.618
300.579
300.534
300.485
300.431
300.375
300.316
300.256
300.195
300.133
300.071
300.01
299.948
299.884
299.82
299.754
299.687
299.616
299.542
299.465
299.384
299.301
299.217
299.133
299.05
298.969
298.896
300.366
300.361
300.36
300.359
300.358
300.357
300.356
300.355
300.353
300.352
300.351
300.35
300.349
300.349
300.35
300.351
300.353
300.355
300.355
300.354
300.348
300.336
300.316
300.288
300.255
300.216
300.172
300.125
300.075
300.023
299.971
299.917
299.863
299.809
299.755
299.702
299.647
299.591
299.535
299.476
299.415
299.351
299.283
299.212
299.139
299.065
298.991
298.918
298.847
298.783
300.034
300.029
300.029
300.028
300.027
300.027
300.026
300.025
300.024
300.024
300.023
300.023
300.023
300.024
300.025
300.028
300.03
300.033
300.035
300.035
300.031
300.022
300.005
299.982
299.953
299.919
299.88
299.839
299.796
299.751
299.705
299.658
299.612
299.565
299.519
299.473
299.426
299.378
299.33
299.279
299.227
299.171
299.113
299.052
298.988
298.924
298.859
298.795
298.734
298.678
299.73
299.726
299.726
299.726
299.725
299.725
299.724
299.724
299.723
299.723
299.723
299.724
299.724
299.726
299.728
299.731
299.734
299.737
299.74
299.741
299.739
299.732
299.718
299.699
299.674
299.645
299.612
299.576
299.538
299.5
299.46
299.42
299.38
299.34
299.301
299.262
299.222
299.181
299.14
299.098
299.053
299.006
298.956
298.903
298.848
298.793
298.737
298.682
298.628
298.58
299.456
299.452
299.452
299.452
299.451
299.451
299.451
299.451
299.451
299.451
299.451
299.452
299.453
299.455
299.458
299.461
299.464
299.468
299.472
299.474
299.473
299.467
299.456
299.44
299.419
299.394
299.366
299.336
299.303
299.27
299.237
299.203
299.169
299.135
299.102
299.069
299.035
299.001
298.967
298.931
298.894
298.854
298.811
298.767
298.72
298.672
298.625
298.578
298.532
298.491
299.21
299.207
299.207
299.207
299.206
299.206
299.206
299.206
299.207
299.207
299.208
299.209
299.21
299.212
299.215
299.218
299.222
299.226
299.23
299.232
299.232
299.229
299.22
299.206
299.189
299.168
299.144
299.118
299.091
299.063
299.035
299.006
298.978
298.949
298.922
298.894
298.867
298.839
298.81
298.78
298.749
298.716
298.68
298.643
298.604
298.563
298.523
298.483
298.445
298.41
298.992
298.99
298.99
298.99
298.99
298.99
298.99
298.99
298.991
298.991
298.992
298.993
298.995
298.997
299
299.003
299.007
299.011
299.015
299.017
299.018
299.015
299.008
298.997
298.983
298.966
298.946
298.924
298.902
298.878
298.855
298.831
298.807
298.784
298.761
298.739
298.716
298.693
298.67
298.646
298.62
298.592
298.563
298.532
298.499
298.466
298.432
298.399
298.367
298.338
298.803
298.8
298.801
298.801
298.801
298.801
298.801
298.801
298.802
298.802
298.803
298.805
298.806
298.808
298.811
298.814
298.818
298.822
298.825
298.828
298.829
298.827
298.822
298.813
298.802
298.788
298.771
298.753
298.735
298.716
298.696
298.677
298.657
298.638
298.62
298.602
298.584
298.565
298.546
298.527
298.506
298.483
298.459
298.434
298.407
298.38
298.352
298.325
298.298
298.275
298.64
298.638
298.638
298.638
298.638
298.638
298.638
298.639
298.639
298.64
298.641
298.642
298.644
298.646
298.648
298.651
298.654
298.658
298.661
298.664
298.665
298.664
298.66
298.653
298.644
298.633
298.619
298.605
298.59
298.574
298.559
298.543
298.527
298.512
298.497
298.483
298.468
298.454
298.439
298.423
298.406
298.388
298.369
298.349
298.327
298.305
298.282
298.26
298.239
298.22
298.501
298.5
298.5
298.5
298.5
298.5
298.501
298.501
298.501
298.502
298.503
298.504
298.506
298.507
298.509
298.512
298.515
298.518
298.521
298.524
298.525
298.525
298.522
298.516
298.509
298.5
298.489
298.478
298.466
298.453
298.441
298.428
298.416
298.404
298.393
298.381
298.37
298.358
298.346
298.334
298.321
298.307
298.292
298.275
298.258
298.24
298.222
298.205
298.188
298.173
298.386
298.385
298.385
298.385
298.385
298.385
298.386
298.386
298.387
298.387
298.388
298.389
298.39
298.392
298.394
298.396
298.399
298.401
298.404
298.406
298.408
298.407
298.405
298.401
298.396
298.388
298.38
298.371
298.362
298.352
298.342
298.332
298.323
298.313
298.304
298.296
298.287
298.278
298.269
298.259
298.249
298.238
298.227
298.214
298.2
298.186
298.172
298.158
298.145
298.133
298.292
298.291
298.291
298.291
298.291
298.291
298.292
298.292
298.293
298.293
298.294
298.295
298.296
298.297
298.299
298.301
298.303
298.305
298.307
298.309
298.31
298.31
298.309
298.306
298.302
298.296
298.29
298.283
298.276
298.268
298.26
298.253
298.246
298.239
298.232
298.225
298.218
298.212
298.205
298.198
298.19
298.182
298.173
298.163
298.152
298.142
298.131
298.12
298.11
298.101
298.216
298.216
298.216
298.216
298.216
298.216
298.216
298.217
298.217
298.217
298.218
298.219
298.22
298.221
298.222
298.224
298.225
298.227
298.229
298.231
298.232
298.232
298.231
298.229
298.225
298.221
298.217
298.211
298.206
298.2
298.194
298.189
298.183
298.178
298.173
298.168
298.163
298.158
298.153
298.148
298.142
298.136
298.129
298.121
298.114
298.106
298.097
298.089
298.082
298.075
298.157
298.156
298.157
298.157
298.157
298.157
298.157
298.157
298.158
298.158
298.158
298.159
298.16
298.161
298.162
298.163
298.164
298.166
298.167
298.169
298.169
298.17
298.169
298.167
298.165
298.162
298.158
298.155
298.15
298.146
298.142
298.138
298.134
298.13
298.126
298.123
298.119
298.115
298.112
298.108
298.104
298.099
298.094
298.089
298.083
298.077
298.071
298.065
298.059
298.054
298.111
298.111
298.111
298.111
298.111
298.111
298.111
298.112
298.112
298.112
298.113
298.113
298.114
298.114
298.115
298.116
298.117
298.118
298.119
298.12
298.121
298.121
298.121
298.12
298.118
298.116
298.113
298.111
298.108
298.105
298.102
298.099
298.096
298.093
298.09
298.088
298.085
298.082
298.08
298.077
298.074
298.071
298.067
298.063
298.059
298.055
298.05
298.046
298.042
298.038
298.077
298.077
298.077
298.077
298.077
298.077
298.077
298.077
298.078
298.078
298.078
298.078
298.079
298.079
298.08
298.081
298.081
298.082
298.083
298.084
298.085
298.085
298.084
298.084
298.082
298.081
298.079
298.077
298.075
298.073
298.071
298.069
298.067
298.065
298.063
298.061
298.059
298.057
298.056
298.054
298.052
298.049
298.047
298.044
298.041
298.038
298.035
298.032
298.029
298.027
298.052
298.052
298.052
298.052
298.052
298.052
298.052
298.052
298.052
298.053
298.053
298.053
298.053
298.054
298.054
298.055
298.055
298.056
298.057
298.057
298.057
298.058
298.057
298.057
298.056
298.055
298.054
298.053
298.051
298.05
298.048
298.047
298.045
298.044
298.043
298.041
298.04
298.039
298.038
298.037
298.035
298.034
298.032
298.03
298.028
298.026
298.024
298.022
298.02
298.018
298.034
298.034
298.034
298.034
298.034
298.034
298.034
298.034
298.034
298.035
298.035
298.035
298.035
298.035
298.036
298.036
298.036
298.037
298.037
298.038
298.038
298.038
298.038
298.038
298.037
298.037
298.036
298.035
298.034
298.033
298.032
298.031
298.03
298.029
298.028
298.027
298.027
298.026
298.025
298.024
298.023
298.022
298.021
298.02
298.018
298.017
298.016
298.014
298.013
298.012
298.022
298.022
298.022
298.022
298.022
298.022
298.022
298.022
298.022
298.022
298.022
298.022
298.022
298.023
298.023
298.023
298.023
298.024
298.024
298.024
298.024
298.025
298.025
298.024
298.024
298.024
298.023
298.022
298.022
298.021
298.02
298.02
298.019
298.019
298.018
298.018
298.017
298.017
298.016
298.016
298.015
298.014
298.013
298.013
298.012
298.011
298.01
298.009
298.008
298.007
298.014
298.013
298.013
298.014
298.014
298.014
298.014
298.014
298.014
298.014
298.014
298.014
298.014
298.014
298.014
298.014
298.015
298.015
298.015
298.015
298.015
298.015
298.015
298.015
298.015
298.015
298.014
298.014
298.014
298.013
298.013
298.012
298.012
298.012
298.011
298.011
298.011
298.01
298.01
298.01
298.009
298.009
298.008
298.008
298.007
298.007
298.006
298.006
298.005
298.005
298.008
298.008
298.008
298.008
298.008
298.008
298.008
298.008
298.008
298.008
298.008
298.008
298.008
298.008
298.009
298.009
298.009
298.009
298.009
298.009
298.009
298.009
298.009
298.009
298.009
298.009
298.009
298.008
298.008
298.008
298.008
298.007
298.007
298.007
298.007
298.007
298.006
298.006
298.006
298.006
298.006
298.005
298.005
298.005
298.004
298.004
298.004
298.003
298.003
298.003
298.005
298.005
298.005
298.005
298.005
298.005
298.005
298.005
298.005
298.005
298.005
298.005
298.005
298.005
298.005
298.005
298.005
298.005
298.005
298.005
298.005
298.005
298.005
298.005
298.005
298.005
298.005
298.005
298.005
298.005
298.005
298.004
298.004
298.004
298.004
298.004
298.004
298.004
298.004
298.003
298.003
298.003
298.003
298.003
298.003
298.002
298.002
298.002
298.002
298.002
298.003
298.003
298.003
298.003
298.003
298.003
298.003
298.003
298.003
298.003
298.003
298.003
298.003
298.003
298.003
298.003
298.003
298.003
298.003
298.003
298.003
298.003
298.003
298.003
298.003
298.003
298.003
298.003
298.003
298.003
298.003
298.002
298.002
298.002
298.002
298.002
298.002
298.002
298.002
298.002
298.002
298.002
298.002
298.002
298.001
298.001
298.001
298.001
298.001
298.001
298.001
298.001
298.001
298.001
298.001
298.001
298.001
298.001
298.001
298.001
298.001
298.001
298.001
298.002
298.002
298.002
298.002
298.002
298.002
298.002
298.002
298.002
298.002
298.002
298.002
298.002
298.002
298.002
298.001
298.001
298.001
298.001
298.001
298.001
298.001
298.001
298.001
298.001
298.001
298.001
298.001
298.001
298.001
298.001
298.001
298.001
298.001
298.001
298.001
298
298.001
298.001
298.001
298.001
298.001
298.001
298.001
298.001
298.001
298.001
298.001
298.001
298.001
298.001
298.001
298.001
298.001
298.001
298.001
298.001
298.001
298.001
298.001
298.001
298.001
298.001
298.001
298.001
298.001
298.001
298.001
298.001
298.001
298.001
298.001
298.001
298.001
298.001
298.001
298.001
298.001
298
298
298
298
298
298
298
298
298
298
298
298
298
298
298
298
298
298
298
298
298
298
298
298
298
298
298
298
298
298
298
298
298
298
298
298
298
298
298
298
298
298
298
298
298
298
298
298
298
298
298
298
298
298
298
298
298
298
298
298
298
298
298
298
298
298
298
298
298
298
298
298
298
298
298
298
298
298
298
298
298
298
298
298
298
298
298
298
298
298
298
298
298
298
298
298
298
298
298
298
298
298
298
298
298
298
298
298
298
298
298
298
298
298
298
298
298
298
298
298
298
298
298
298
298
298
298
298
298
298
298
298
298
298
298
298
298
298
298
298
298
298
298
298
298
298
298
298
298
298
298
298
298
298
298
298
298
298
298
298
298
298
298
298
298
298
298
298
298
298
298
298
298
298
298
298
298
298
298
298
298
298
298
298
298
298
298
298
298
298
298
298
298
298
298
298
298
298
298
298
298
298
298
298
298
298
298
298
298
298
298
298
298
298
298
298
298
298
298
298
298
298
298
298
298
298
298
298
298
298
298
298
298
298
298
298
298
298
298
298
298
298
298
298
298
298
298
298
298
298
298
298
298
298
298
298
298
298
298
298
298
298
298
298
298
298
298
298
298
298
298
298
298
298
298
298
298
298
298
298
298
298
298
298
298
298
298
298
298
298
298
298
298
298
298
298
298
298
298
298
298
298
298
298
298
298
298
298
298
298
298
298
298
298
298
298
298
298
298
298
298
298
298
298
298
298
298
298
298
298
298
298
298
298
298
298
298
298
298
298
298
298
298
298
298
298
298
298
298
298
298
298
298
298
298
298
298
298
298
298
298
298
298
298
298
298
298
298
298
298
298
298
298
298
298
298
298
298
298
298
298
298
298
298
298
298
298
298
298
298
298
298
298
298
298
298
298
298
298
298
298
298
298
298
298
298
298
298
298
298
298
298
298
298
298
298
298
298
298
298
298
298
298
298
298
298
298
298
298
298
298
298
298
298
298
298
298
298
298
298
298
298
298
298
298
298
298
298
298
298
298
298
298
298
298
298
298
298
298
298
298
298
298
298
298
298
298
298
298
298
298
298
298
298
298
298
298
298
298
298
298
298
298
298
298
298
298
298
298
298
298
298
298
298
298
298
298
298
298
298
298
298
298
298
298
298
298
298
298
298
298
298
298
298
298
298
298
298
298
298
298
298
298
298
298
298
298
298
298
298
298
298
298
298
298
298
298
298
298
298
298
298
298
298
298
298
298
298
298
298
298
298
298
298
298
298
298
298
298
298
298
298
298
298
298
298
298
298
298
298
298
298
298
298
298
298
298
298
298
298
298
298
298
298
298
298
298
298
298
298
298
298
298
298
298
298
298
298
298
298
298
298
298
298
298
298
298
298
298
298
298
298
298
298
298
298
298
298
298
298
298
298
298
298
298
298
298
298
298
298
298
298
298
298
298
298
298
298
298
298
298
298
298
298
298
298
298
298
298
298
298
298
298
298
298
298
298
298
298
298
298
298
298
298
298
298
298
298
298
298
298
298
298
298
298
298
298
298
298
298
298
298
298
298
298
298
298
298
298
298
298
298
298
298
298
298
298
298
298
298
298
298
298
298
298
298
298
298
298
298
298
298
298
298
298
298
298
298
298
298
298
298
298
298
298
298
298
298
298
298
298
298
298
298
298
298
298
298
298
298
298
298
298
298
298
298
298
298
298
298
298
298
298
298
298
298
298
298
298
298
298
298
298
298
298
298
298
298
298
298
298
298
298
298
298
298
298
298
298
298
298
298
298
298
298
298
298
298
298
298
298
298
298
298
298
298
298
298
298
298
298
298
298
298
298
298
298
298
298
298
298
298
298
298
298
298
298
298
298
298
298
298
298
298
298
298
298
298
298
298
298
298
298
298
298
298
298
298
298
298
298
298
298
298
298
298
298
298
298
298
298
298
298
298
298
298
298
298
298
298
298
298
298
298
298
298
298
298
298
298
298
298
298
298
298
298
298
298
298
298
298
298
298
298
298
298
298
298
298
298
298
298
298
298
298
298
298
298
298
298
298
298
298
298
298
298
298
298
298
298
298
298
298
298
298
298
298
298
298
298
298
298
298
298
298
298
298
298
298
298
298
298
298
298
298
298
298
298
298
298
298
298
298
298
298
298
298
298
298
298
298
298
298
298
298
298
298
298
298
298
298
298
298
298
298
298
298
298
298
298
298
298
298
298
298
298
298
298
298
298
298
298
298
298
298
298
298
298
298
298
298
298
298
298
298
298
298
298
298
298
298
298
298
298
298
298
298
298
298
298
298
298
298
298
298
298
298
298
298
298
298
298
298
298
298
298
298
298
298
298
298
298
298
298
298
298
298
298
298
298
298
298
298
298
298
298
298
298
298
298
298
298
298
298
298
298
298
298
298
298
298
298
298
298
298
298
298
298
298
298
298
298
298
298
298
298
298
298
298
298
298
298
298
298
298
298
298
298
298
298
298
298
298
298
298
298
298
298
298
298
298
298
298
298
298
298
298
298
298
298
298
298
298
298
298
298
298
298
298
298
298
298
298
298
298
298
298
298
298
298
298
298
298
298
298
298
298
298
298
298
298
298
298
298
298
298
298
298
298
298
298
298
298
298
298
298
298
298
298
298
298
298
298
298
298
298
298
298
298
298
298
298
298
298
298
298
298
298
298
298
298
298
298
298
298
298
298
298
298
298
298
298
298
298
298
298
298
298
298
298
298
298
298
298
298
298
298
298
298
298
298
298
298
298
298
298
298
298
298
298
298
298
298
298
298
298
298
298
298
298
298
298
298
298
298
298
298
298
298
298
298
298
298
298
298
298
298
298
298
298
298
298
298
298
298
298
298
298
298
298
298
298
298
298
298
298
298
298
298
298
298
298
298
298
298
298
298
298
298
298
298
298
298
298
298
298
298
298
298
298
298
298
298
298
298
298
298
298
298
298
298
298
298
298
298
298
298
298
298
298
298
298
298
298
298
298
298
298
298
298
298
298
298
298
298
298
298
298
298
298
298
298
298
298
298
298
298
298
298
298
298
298
298
298
298
298
298
298
298
298
298
298
298
298
298
298
298
298
298
298
298
298
298
298
298
298
298
298
298
298
298
298
298
298
298
298
298
298
298
298
298
298
298
298
298
298
298
298
298
298
298
298
298
298
298
298
298
298
298
298
298
298
298
298
298
298
298
298
298
298
298
298
298
298
298
298
298
298
298
298
298
298
298
298
298
298
298
298
298
298
298
298
298
298
298
298
298
298
298
298
298
298
298
298
298
298
298
298
298
298
298
298
298
298
298
298
298
298
298
298
298
298
298
298
298
298
298
298
298
298
298
298
298
298
298
298
298
298
298
298
298
298
298
298
298
298
298
298
298
298
298
298
298
298
298
298
298
298
298
298
298
298
298
298
298
298
298
298
298
298
298
298
298
298
298
298
298
298
298
298
298
298
298
298
298
298
298
298
298
298
298
298
298
298
298
298
298
298
298
298
298
298
298
298
298
298
298
298
298
298
298
298
298
298
298
298
298
298
298
298
298
298
298
298
298
298
298
298
298
298
298
298
298
298
298
298
298
298
298
298
298
298
298
298
298
298
298
298
298
298
298
298
298
298
298
298
298
298
298
298
298
298
298
298
298
298
298
298
298
298
298
298
298
298
298
298
298
298
298
298
298
298
298
298
298
298
298
298
298
298
298
298
298
298
298
298
298
298
298
298
298
298
298
298
298
298
298
298
298
298
298
298
298
298
298
298
298
298
298
298
298
298
298
298
298
298
298
298
298
298
298
298
298
298
298
298
298
298
298
298
298
298
298
298
298
298
298
298
298
298
298
298
298
298
298
298
298
298
298
298
298
298
298
298
298
298
298
298
298
298
298
298
298
298
298
298
298
298
298
298
298
298
298
298
298
298
298
298
298
298
298
298
298
298
298
298
298
298
298
298
298
298
298
298
298
298
298
298
298
298
298
298
298
298
298
298
298
298
298
298
298
298
298
298
298
298
298
298
298
298
298
298
298
298
298
298
298
298
298
298
298
298
298
298
298
298
298
298
298
298
298
298
298
298
298
298
298
298
298
298
298
298
298
298
298
298
298
298
298
298
298
298
298
298
298
298
298
298
298
298
298
298
298
298
298
298
298
298
298
298
298
298
298
298
298
298
298
298
298
298
298
298
298
298
298
298
298
298
298
298
298
298
298
298
298
298
298
298
298
298
298
298
298
298
298
298
298
298
298
298
298
298
298
298
298
298
298
298
298
298
298
298
298
298
298
298
298
298
298
298
298
298
298
298
298
298
298
298
298
298
298
298
298
298
298
298
298
298
298
298
298
298
298
298
298
298
298
298
298
298
298
298
298
298
298
298
298
298
298
298
298
298
298
298
298
298
298
298
298
298
298
298
298
298
298
298
298
298
298
298
298
298
298
298
298
298
298
298
298
298
298
298
298
298
298
298
298
298
298
298
298
298
298
298
298
298
298
298
298
298
298
298
298
298
298
298
298
298
298
298
298
298
298
298
298
298
298
298
298
298
298
298
298
298
298
298
298
298
298
298
298
298
298
298
298
298
298
298
298
298
298
298
298
298
298
298
298
298
298
298
298
298
298
298
298
298
298
298
298
298
298
298
298
298
298
298
298
298
298
298
298
298
298
298
298
298
298
298
298
298
298
298
298
298
298
298
298
298
298
298
298
298
298
298
298
298
298
298
298
298
298
298
298
298
298
298
298
298
298
298
298
298
298
298
298
298
298
298
298
298
298
298
298
298
298
298
298
298
298
298
298
298
298
298
298
298
298
298
298
298
298
298
298
298
298
298
298
298
298
298
298
298
298
298
298
298
298
298
298
298
298
298
298
298
298
298
298
298
298
298
298
298
298
298
298
298
298
298
298
298
298
298
298
298
298
298
298
298
298
298
298
298
298
298
298
298
298
298
298
298
298
298
298
298
298
298
298
298
298
298
298
298
298
298
298
298
298
298
298
298
298
298
298
298
298
298
298
298
298
298
298
298
298
298
298
298
298
298
298
298
298
298
298
298
298
298
298
298
298
298
298
298
298
298
298
298
298
298
298
298
298
298
298
298
298
298
298
298
298
298
298
298
298
298
298
298
298
298
298
298
298
298
298
298
298
298
298
298
298
298
298
298
298
298
298
298
298
298
298
298
298
298
298
298
298
298
298
298
298
298
298
298
298
298
298
298
298
298
298
298
298
298
298
298
298
298
298
298
298
298
298
298
298
298
298
298
298
298
298
298
298
298
298
298
298
298
298
298
298
298
298
298
298
298
298
298
298
298
298
298
298
298
298
298
298
298
298
298
298
298
298
298
298
298
298
298
298
298
298
298
298
298
298
298
298
298
298
298
298
298
298
298
298
298
298
298
298
298
298
298
298
298
298
298
298
298
298
298
298
298
298
298
298
298
298
298
298
298
298
298
298
298
298
298
298
298
298
298
298
298
298
298
298
298
298
298
298
298
298
298
298
298
298
298
298
298
298
298
298
298
298
298
298
298
298
298
298
298
298
298
298
298
298
298
298
298
298
298
298
298
298
298
298
298
298
298
298
298
298
298
298
298
298
298
298
298
298
298
298
298
298
298
298
298
298
298
298
298
298
298
298
298
298
298
298
298
298
298
298
298
298
298
298
298
298
298
298
298
298
298
298
298
298
298
298
298
298
298
298
298
298
298
298
298
298
298
298
298
298
298
298
298
298
298
298
298
298
298
298
298
298
298
298
298
298
298
298
298
298
298
298
298
298
298
298
298
298
298
298
298
298
298
298
298
298
298
298
298
298
298
298
298
298
298
298
298
298
298
298
298
298
298
298
298
298
298
298
298
298
298
298
298
298
298
298
298
298
298
298
298
298
298
298
298
298
298
298
298
298
298
298
298
298
298
298
298
298
298
298
298
298
298
298
298
298
298
298
298
298
298
298
298
298
298
298
298
298
298
298
298
298
298
298
298
298
298
298
298
298
298
298
298
298
298
298
298
298
298
298
298
298
298
298
298
298
298
298
298
298
298
298
298
298
298
298
298
298
298
298
298
298
298
298
298
298
298
298
298
298
298
298
298
298
298
298
298
298
298
298
298
298
298
298
298
298
298
298
298
298
298
298
298
298
298
298
298
298
298
298
298
298
298
298
298
298
298
298
298
298
298
298
298
298
298
298
298
298
298
298
298
298
298
298
298
298
298
298
298
298
298
298
298
298
298
298
298
298
298
298
298
298
298
298
298
298
298
298
298
298
298
298
298
298
298
298
298
298
298
298
298
298
298
298
298
298
298
298
298
298
298
298
298
298
298
298
298
298
298
298
298
298
298
298
298
298
298
298
298
298
298
298
298
298
298
298
298
298
298
298
298
298
298
298
298
298
298
298
298
298
298
298
298
298
298
298
298
298
298
298
298
298
298
298
298
298
298
298
298
298
298
298
298
298
298
298
298
298
298
298
298
298
298
298
298
298
298
298
298
298
298
298
298
298
298
298
298
298
298
298
298
298
298
298
298
298
298
298
298
298
298
298
298
298
298
298
298
298
298
298
298
298
298
298
298
298
298
298
298
298
298
298
298
298
298
298
298
298
298
298
298
298
298
298
298
298
298
298
298
298
298
298
298
298
298
298
298
298
298
298
298
298
298
298
298
298
298
298
298
298
298
298
298
298
298
298
298
298
298
298
298
298
298
298
298
298
298
298
298
298
298
298
298
298
298
298
298
298
298
298
298
298
298
298
298
298
298
298
298
298
298
298
298
298
298
298
298
298
298
298
298
298
298
298
298
298
298
298
298
298
298
298
298
298
298
298
298
298
298
298
298
298
298
298
298
298
298
298
298
298
298
298
298
298
298
298
298
298
298
298
298
298
298
298
298
298
298
298
298
298
298
298
298
298
298
298
298
298
298
298
298
298
298
298
298
298
298
298
298
298
298
298
298
298
298
298
298
298
298
298
298
298
298
298
298
298
298
298
298
298
298
298
298
298
298
298
298
298
298
298
298
298
298
298
298
298
298
298
298
298
298
298
298
298
298
298
298
298
298
298
298
298
298
298
298
298
298
298
298
298
298
298
298
298
298
298
298
298
298
298
298
298
298
298
298
298
298
298
298
298
298
298
298
298
298
298
298
298
298
298
298
298
298
298
298
298
298
298
298
298
298
298
298
298
298
298
298
298
298
298
298
298
298
298
298
298
298
298
298
298
298
298
298
298
298
298
298
298
298
298
298
298
298
298
298
298
298
298
298
298
298
298
298
298
298
298
298
298
298
298
298
298
298
298
298
298
298
298
298
298
298
298
298
298
298
298
298
298
298
298
298
298
298
298
298
298
298
298
298
298
298
298
298
298
298
298
298
298
298
298
298
298
298
298
298
298
298
298
298
298
298
298
298
298
298
298
298
298
298
298
298
298
298
298
298
298
298
298
298
298
298
298
298
298
298
298
298
298
298
298
298
298
298
298
298
298
298
298
298
298
298
298
298
298
298
298
298
298
298
298
298
298
298
298
298
298
298
298
298
298
298
298
298
298
298
298
298
298
298
298
298
298
298
298
298
298
298
298
298
298
298
298
298
298
298
298
298
298
298
298
298
298
298
298
298
298
298
298
298
298
298
298
298
298
298
298
298
298
298
298
298
298
298
298
298
298
298
298
298
298
298
298
298
298
298
298
298
298
298
298
298
298
298
298
298
298
298
298
298
298
298
298
298
298
298
298
298
298
298
298
297.999
298
298
298
298
298
298
298
298
298
298
298
298
298
298
298
298
298
298
298
298
298
298
298
298
298
298
298
298
298
298
298
298
298
298
298
298
298
298
298
298
298
298
298
298
298
298
298
298
298
)
;

boundaryField
{
    axis
    {
        type            empty;
    }
    back
    {
        type            zeroGradient;
    }
    wedge-right
    {
        type            wedge;
    }
    wedge-left
    {
        type            wedge;
    }
    outer
    {
        type            fixedGradient;
        gradient        nonuniform List<scalar> 
50
(
1369.67
1369.31
1367.96
1366.07
1363.72
1362.38
1359.34
1355.8
1351.74
1347.13
1341.95
1336.16
1329.77
1322.74
1315.05
1306.65
1297.41
1287.1
1275.66
1263.1
1249.4
1234.36
1217.26
1198.52
1179.73
1160.18
1139.55
1117.75
1094.7
1070.32
1044.57
1017.42
988.901
959.055
927.947
895.651
862.261
827.889
792.678
756.793
720.421
683.76
647.018
610.404
574.125
538.385
503.376
469.268
436.143
403.372
)
;
    }
    inner
    {
        type            fixedValue;
        value           uniform 298;
    }
}


// ************************************************************************* //
