# HEGEL:: NS fluid model solution file
# SI UNITS used: position [m], density [kg/m^3], number density [1/m^3], velocity [m/s], pressure [Pa], energy [J/kg], power [W/m^3], heat-flux [W/m^2], electric field [V/m], magnetic field [T]
# x  rho  p  T  H  M  u  v
  0.40000050E+00   0.11611974E-02   0.10000000E+03   0.30000000E+03   0.30141301E+06   0.40000000E-03  -0.13889000E+00   0.13889000E+00
  0.40000151E+00   0.11611974E-02   0.10000000E+03   0.30000000E+03   0.30141309E+06   0.12100000E-02  -0.42014225E+00   0.42014225E+00
  0.40000255E+00   0.11611974E-02   0.10000000E+03   0.30000000E+03   0.30141325E+06   0.20402500E-02  -0.70842580E+00   0.70842580E+00
  0.40000361E+00   0.11611974E-02   0.10000000E+03   0.30000000E+03   0.30141350E+06   0.28912562E-02  -0.10039164E+01   0.10039164E+01
  0.40000470E+00   0.11611974E-02   0.10000000E+03   0.30000000E+03   0.30141385E+06   0.37635377E-02  -0.13067944E+01   0.13067944E+01
  0.40000582E+00   0.11611974E-02   0.10000000E+03   0.30000000E+03   0.30141431E+06   0.46576261E-02  -0.16172442E+01   0.16172442E+01
  0.40000697E+00   0.11611974E-02   0.10000000E+03   0.30000000E+03   0.30141487E+06   0.55740668E-02  -0.19354553E+01   0.19354553E+01
  0.40000814E+00   0.11611974E-02   0.10000000E+03   0.30000000E+03   0.30141556E+06   0.65134184E-02  -0.22616217E+01   0.22616217E+01
  0.40000935E+00   0.11611974E-02   0.10000000E+03   0.30000000E+03   0.30141637E+06   0.74762539E-02  -0.25959422E+01   0.25959422E+01
  0.40001058E+00   0.11611974E-02   0.10000000E+03   0.30000000E+03   0.30141732E+06   0.84631602E-02  -0.29386208E+01   0.29386208E+01
  0.40001184E+00   0.11611974E-02   0.10000000E+03   0.30000000E+03   0.30141841E+06   0.94747392E-02  -0.32898663E+01   0.32898663E+01
  0.40001314E+00   0.11611974E-02   0.10000000E+03   0.30000000E+03   0.30141966E+06   0.10511608E-01  -0.36498930E+01   0.36498930E+01
  0.40001447E+00   0.11611974E-02   0.10000000E+03   0.30000000E+03   0.30142108E+06   0.11574398E-01  -0.40189203E+01   0.40189203E+01
  0.40001583E+00   0.11611974E-02   0.10000000E+03   0.30000000E+03   0.30142267E+06   0.12663758E-01  -0.43971733E+01   0.43971733E+01
  0.40001723E+00   0.11611974E-02   0.10000000E+03   0.30000000E+03   0.30142445E+06   0.13780352E-01  -0.47848826E+01   0.47848826E+01
  0.40001866E+00   0.11611974E-02   0.10000000E+03   0.30000000E+03   0.30142643E+06   0.14924861E-01  -0.51822847E+01   0.51822847E+01
  0.40002012E+00   0.11611974E-02   0.10000000E+03   0.30000000E+03   0.30142862E+06   0.16097982E-01  -0.55896218E+01   0.55896218E+01
  0.40002163E+00   0.11611974E-02   0.10000000E+03   0.30000000E+03   0.30143104E+06   0.17300432E-01  -0.60071424E+01   0.60071424E+01
  0.40002317E+00   0.11611974E-02   0.10000000E+03   0.30000000E+03   0.30143371E+06   0.18532942E-01  -0.64351009E+01   0.64351009E+01
  0.40002475E+00   0.11611974E-02   0.10000000E+03   0.30000000E+03   0.30143662E+06   0.19796266E-01  -0.68737584E+01   0.68737584E+01
  0.40002636E+00   0.11611974E-02   0.10000000E+03   0.30000000E+03   0.30143982E+06   0.21091173E-01  -0.73233824E+01   0.73233824E+01
  0.40002802E+00   0.11611974E-02   0.10000000E+03   0.30000000E+03   0.30144330E+06   0.22418452E-01  -0.77842470E+01   0.77842470E+01
  0.40002972E+00   0.11611974E-02   0.10000000E+03   0.30000000E+03   0.30144709E+06   0.23778913E-01  -0.82566331E+01   0.82566331E+01
  0.40003147E+00   0.11611974E-02   0.10000000E+03   0.30000000E+03   0.30145120E+06   0.25173386E-01  -0.87408290E+01   0.87408290E+01
  0.40003325E+00   0.11611974E-02   0.10000000E+03   0.30000000E+03   0.30145566E+06   0.26602721E-01  -0.92371297E+01   0.92371297E+01
  0.40003508E+00   0.11611974E-02   0.10000000E+03   0.30000000E+03   0.30146049E+06   0.28067789E-01  -0.97458379E+01   0.97458379E+01
  0.40003696E+00   0.11611974E-02   0.10000000E+03   0.30000000E+03   0.30146571E+06   0.29569484E-01  -0.10267264E+02   0.10267264E+02
  0.40003889E+00   0.11611974E-02   0.10000000E+03   0.30000000E+03   0.30147134E+06   0.31108721E-01  -0.10801725E+02   0.10801725E+02
  0.40004086E+00   0.11611974E-02   0.10000000E+03   0.30000000E+03   0.30147741E+06   0.32686439E-01  -0.11349549E+02   0.11349549E+02
  0.40004288E+00   0.11611974E-02   0.10000000E+03   0.30000000E+03   0.30148394E+06   0.34303600E-01  -0.11911067E+02   0.11911067E+02
  0.40004495E+00   0.11611974E-02   0.10000000E+03   0.30000000E+03   0.30149096E+06   0.35961190E-01  -0.12486624E+02   0.12486624E+02
  0.40004708E+00   0.11611974E-02   0.10000000E+03   0.30000000E+03   0.30149850E+06   0.37660219E-01  -0.13076570E+02   0.13076570E+02
  0.40004925E+00   0.11611974E-02   0.10000000E+03   0.30000000E+03   0.30150659E+06   0.39401725E-01  -0.13681264E+02   0.13681264E+02
  0.40005148E+00   0.11611974E-02   0.10000000E+03   0.30000000E+03   0.30151526E+06   0.41186768E-01  -0.14301075E+02   0.14301075E+02
  0.40005377E+00   0.11611974E-02   0.10000000E+03   0.30000000E+03   0.30152455E+06   0.43016437E-01  -0.14936382E+02   0.14936382E+02
  0.40005611E+00   0.11611974E-02   0.10000000E+03   0.30000000E+03   0.30153449E+06   0.44891848E-01  -0.15587572E+02   0.15587572E+02
  0.40005852E+00   0.11611974E-02   0.10000000E+03   0.30000000E+03   0.30154511E+06   0.46814144E-01  -0.16255041E+02   0.16255041E+02
  0.40006098E+00   0.11611974E-02   0.10000000E+03   0.30000000E+03   0.30155647E+06   0.48784498E-01  -0.16939197E+02   0.16939197E+02
  0.40006351E+00   0.11611974E-02   0.10000000E+03   0.30000000E+03   0.30156859E+06   0.50804110E-01  -0.17640457E+02   0.17640457E+02
  0.40006609E+00   0.11611974E-02   0.10000000E+03   0.30000000E+03   0.30158153E+06   0.52874213E-01  -0.18359249E+02   0.18359249E+02
  0.40006875E+00   0.11611974E-02   0.10000000E+03   0.30000000E+03   0.30159533E+06   0.54996068E-01  -0.19096010E+02   0.19096010E+02
  0.40007146E+00   0.11611974E-02   0.10000000E+03   0.30000000E+03   0.30161003E+06   0.57170970E-01  -0.19851190E+02   0.19851190E+02
  0.40007425E+00   0.11611974E-02   0.10000000E+03   0.30000000E+03   0.30162570E+06   0.59400244E-01  -0.20625250E+02   0.20625250E+02
  0.40007711E+00   0.11611974E-02   0.10000000E+03   0.30000000E+03   0.30164238E+06   0.61685250E-01  -0.21418661E+02   0.21418661E+02
  0.40008003E+00   0.11611974E-02   0.10000000E+03   0.30000000E+03   0.30166013E+06   0.64027382E-01  -0.22231908E+02   0.22231908E+02
  0.40008304E+00   0.11611974E-02   0.10000000E+03   0.30000000E+03   0.30167901E+06   0.66428066E-01  -0.23065485E+02   0.23065485E+02
  0.40008611E+00   0.11611974E-02   0.10000000E+03   0.30000000E+03   0.30169908E+06   0.68888768E-01  -0.23919902E+02   0.23919902E+02
  0.40008926E+00   0.11611974E-02   0.10000000E+03   0.30000000E+03   0.30172041E+06   0.71410987E-01  -0.24795680E+02   0.24795680E+02
  0.40009250E+00   0.11611974E-02   0.10000000E+03   0.30000000E+03   0.30174307E+06   0.73996262E-01  -0.25693352E+02   0.25693352E+02
  0.40009581E+00   0.11611974E-02   0.10000000E+03   0.30000000E+03   0.30176714E+06   0.76646168E-01  -0.26613466E+02   0.26613466E+02
  0.40009920E+00   0.11611974E-02   0.10000000E+03   0.30000000E+03   0.30179268E+06   0.79362323E-01  -0.27556582E+02   0.27556582E+02
  0.40010268E+00   0.11611974E-02   0.10000000E+03   0.30000000E+03   0.30181979E+06   0.82146381E-01  -0.28523277E+02   0.28523277E+02
  0.40010625E+00   0.11611974E-02   0.10000000E+03   0.30000000E+03   0.30184854E+06   0.85000040E-01  -0.29514139E+02   0.29514139E+02
  0.40010991E+00   0.11611974E-02   0.10000000E+03   0.30000000E+03   0.30187903E+06   0.87925041E-01  -0.30529772E+02   0.30529772E+02
  0.40011365E+00   0.11611974E-02   0.10000000E+03   0.30000000E+03   0.30191136E+06   0.90923167E-01  -0.31570797E+02   0.31570797E+02
  0.40011750E+00   0.11611974E-02   0.10000000E+03   0.30000000E+03   0.30194561E+06   0.93996246E-01  -0.32637847E+02   0.32637847E+02
  0.40012143E+00   0.11611974E-02   0.10000000E+03   0.30000000E+03   0.30198191E+06   0.97146152E-01  -0.33731573E+02   0.33731573E+02
  0.40012547E+00   0.11611974E-02   0.10000000E+03   0.30000000E+03   0.30202035E+06   0.10037481E+00  -0.34852642E+02   0.34852642E+02
  0.40012961E+00   0.11611974E-02   0.10000000E+03   0.30000000E+03   0.30206106E+06   0.10368418E+00  -0.36001738E+02   0.36001738E+02
  0.40013385E+00   0.11611974E-02   0.10000000E+03   0.30000000E+03   0.30210416E+06   0.10707628E+00  -0.37179562E+02   0.37179562E+02
  0.40013819E+00   0.11611974E-02   0.10000000E+03   0.30000000E+03   0.30214977E+06   0.11055319E+00  -0.38386831E+02   0.38386831E+02
  0.40014265E+00   0.11611974E-02   0.10000000E+03   0.30000000E+03   0.30219804E+06   0.11411702E+00  -0.39624281E+02   0.39624281E+02
  0.40014721E+00   0.11611974E-02   0.10000000E+03   0.30000000E+03   0.30224911E+06   0.11776994E+00  -0.40892668E+02   0.40892668E+02
  0.40015189E+00   0.11611974E-02   0.10000000E+03   0.30000000E+03   0.30230311E+06   0.12151419E+00  -0.42192765E+02   0.42192765E+02
  0.40015669E+00   0.11611974E-02   0.10000000E+03   0.30000000E+03   0.30236023E+06   0.12535205E+00  -0.43525364E+02   0.43525364E+02
  0.40016161E+00   0.11611974E-02   0.10000000E+03   0.30000000E+03   0.30242061E+06   0.12928585E+00  -0.44891278E+02   0.44891278E+02
  0.40016665E+00   0.11611974E-02   0.10000000E+03   0.30000000E+03   0.30248444E+06   0.13331799E+00  -0.46291340E+02   0.46291340E+02
  0.40017181E+00   0.11611974E-02   0.10000000E+03   0.30000000E+03   0.30255190E+06   0.13745094E+00  -0.47726404E+02   0.47726404E+02
  0.40017711E+00   0.11611974E-02   0.10000000E+03   0.30000000E+03   0.30262319E+06   0.14168722E+00  -0.49197344E+02   0.49197344E+02
  0.40018254E+00   0.11611974E-02   0.10000000E+03   0.30000000E+03   0.30269850E+06   0.14602940E+00  -0.50705057E+02   0.50705057E+02
  0.40018810E+00   0.11611974E-02   0.10000000E+03   0.30000000E+03   0.30277806E+06   0.15048013E+00  -0.52250464E+02   0.52250464E+02
  0.40019380E+00   0.11611974E-02   0.10000000E+03   0.30000000E+03   0.30286208E+06   0.15504214E+00  -0.53834505E+02   0.53834505E+02
  0.40019965E+00   0.11611974E-02   0.10000000E+03   0.30000000E+03   0.30295080E+06   0.15971819E+00  -0.55458148E+02   0.55458148E+02
  0.40020564E+00   0.11611974E-02   0.10000000E+03   0.30000000E+03   0.30304448E+06   0.16451114E+00  -0.57122382E+02   0.57122382E+02
  0.40021178E+00   0.11611974E-02   0.10000000E+03   0.30000000E+03   0.30314338E+06   0.16942392E+00  -0.58828221E+02   0.58828221E+02
  0.40021807E+00   0.11611974E-02   0.10000000E+03   0.30000000E+03   0.30324777E+06   0.17445952E+00  -0.60576707E+02   0.60576707E+02
  0.40022453E+00   0.11611974E-02   0.10000000E+03   0.30000000E+03   0.30335794E+06   0.17962101E+00  -0.62368905E+02   0.62368905E+02
  0.40023114E+00   0.11611974E-02   0.10000000E+03   0.30000000E+03   0.30347420E+06   0.18491153E+00  -0.64205907E+02   0.64205907E+02
  0.40023792E+00   0.11611974E-02   0.10000000E+03   0.30000000E+03   0.30359687E+06   0.19033432E+00  -0.66088835E+02   0.66088835E+02
  0.40024487E+00   0.11611974E-02   0.10000000E+03   0.30000000E+03   0.30372628E+06   0.19589268E+00  -0.68018836E+02   0.68018836E+02
  0.40025199E+00   0.11611974E-02   0.10000000E+03   0.30000000E+03   0.30386280E+06   0.20159000E+00  -0.69997087E+02   0.69997087E+02
  0.40025929E+00   0.11611974E-02   0.10000000E+03   0.30000000E+03   0.30400679E+06   0.20742975E+00  -0.72024794E+02   0.72024794E+02
  0.40026677E+00   0.11611974E-02   0.10000000E+03   0.30000000E+03   0.30415864E+06   0.21341549E+00  -0.74103194E+02   0.74103194E+02
  0.40027444E+00   0.11611974E-02   0.10000000E+03   0.30000000E+03   0.30431878E+06   0.21955088E+00  -0.76233553E+02   0.76233553E+02
  0.40028230E+00   0.11611974E-02   0.10000000E+03   0.30000000E+03   0.30448763E+06   0.22583965E+00  -0.78417172E+02   0.78417172E+02
  0.40029036E+00   0.11611974E-02   0.10000000E+03   0.30000000E+03   0.30466565E+06   0.23228564E+00  -0.80655382E+02   0.80655382E+02
  0.40029862E+00   0.11611974E-02   0.10000000E+03   0.30000000E+03   0.30485331E+06   0.23889278E+00  -0.82949546E+02   0.82949546E+02
  0.40030708E+00   0.11611974E-02   0.10000000E+03   0.30000000E+03   0.30505114E+06   0.24566510E+00  -0.85301065E+02   0.85301065E+02
  0.40031576E+00   0.11611974E-02   0.10000000E+03   0.30000000E+03   0.30525964E+06   0.25260673E+00  -0.87711371E+02   0.87711371E+02
  0.40032465E+00   0.11611974E-02   0.10000000E+03   0.30000000E+03   0.30547939E+06   0.25972190E+00  -0.90181936E+02   0.90181936E+02
  0.40033377E+00   0.11611974E-02   0.10000000E+03   0.30000000E+03   0.30571097E+06   0.26701495E+00  -0.92714264E+02   0.92714264E+02
  0.40034311E+00   0.11611974E-02   0.10000000E+03   0.30000000E+03   0.30595499E+06   0.27449032E+00  -0.95309901E+02   0.95309901E+02
  0.40035269E+00   0.11611974E-02   0.10000000E+03   0.30000000E+03   0.30621210E+06   0.28215258E+00  -0.97970428E+02   0.97970428E+02
  0.40036251E+00   0.11611974E-02   0.10000000E+03   0.30000000E+03   0.30648299E+06   0.29000639E+00  -0.10069747E+03   0.10069747E+03
  0.40037257E+00   0.11611974E-02   0.10000000E+03   0.30000000E+03   0.30676837E+06   0.29805655E+00  -0.10349269E+03   0.10349269E+03
  0.40038288E+00   0.11611974E-02   0.10000000E+03   0.30000000E+03   0.30706899E+06   0.30630796E+00  -0.10635778E+03   0.10635778E+03
  0.40039346E+00   0.11611974E-02   0.10000000E+03   0.30000000E+03   0.30738564E+06   0.31476566E+00  -0.10929451E+03   0.10929451E+03
  0.40040429E+00   0.11611974E-02   0.10000000E+03   0.30000000E+03   0.30771917E+06   0.32343481E+00  -0.11230465E+03   0.11230465E+03
  0.40041540E+00   0.11611974E-02   0.10000000E+03   0.30000000E+03   0.30807043E+06   0.33232068E+00  -0.11539005E+03   0.11539005E+03
  0.40042679E+00   0.11611974E-02   0.10000000E+03   0.30000000E+03   0.30844036E+06   0.34142869E+00  -0.11855258E+03   0.11855258E+03
  0.40043846E+00   0.11611974E-02   0.10000000E+03   0.30000000E+03   0.30882991E+06   0.35076441E+00  -0.12179417E+03   0.12179417E+03
  0.40045042E+00   0.11611974E-02   0.10000000E+03   0.30000000E+03   0.30924011E+06   0.36033352E+00  -0.12511681E+03   0.12511681E+03
  0.40046268E+00   0.11611974E-02   0.10000000E+03   0.30000000E+03   0.30967202E+06   0.37014186E+00  -0.12852251E+03   0.12852251E+03
  0.40047524E+00   0.11611974E-02   0.10000000E+03   0.30000000E+03   0.31012676E+06   0.38019540E+00  -0.13201335E+03   0.13201335E+03
  0.40048813E+00   0.11611974E-02   0.10000000E+03   0.30000000E+03   0.31060552E+06   0.39050029E+00  -0.13559146E+03   0.13559146E+03
  0.40050133E+00   0.11611974E-02   0.10000000E+03   0.30000000E+03   0.31110954E+06   0.40106280E+00  -0.13925903E+03   0.13925903E+03
  0.40051486E+00   0.11611974E-02   0.10000000E+03   0.30000000E+03   0.31164011E+06   0.41188937E+00  -0.14301828E+03   0.14301828E+03
  0.40052873E+00   0.11611974E-02   0.10000000E+03   0.30000000E+03   0.31219862E+06   0.42298660E+00  -0.14687152E+03   0.14687152E+03
  0.40054295E+00   0.11611974E-02   0.10000000E+03   0.30000000E+03   0.31278650E+06   0.43436127E+00  -0.15082109E+03   0.15082109E+03
  0.40055753E+00   0.11611974E-02   0.10000000E+03   0.30000000E+03   0.31340527E+06   0.44602030E+00  -0.15486940E+03   0.15486940E+03
  0.40057246E+00   0.11611974E-02   0.10000000E+03   0.30000000E+03   0.31405651E+06   0.45797081E+00  -0.15901891E+03   0.15901891E+03
  0.40058778E+00   0.11611974E-02   0.10000000E+03   0.30000000E+03   0.31474190E+06   0.47022008E+00  -0.16327217E+03   0.16327217E+03
  0.40060347E+00   0.11611974E-02   0.10000000E+03   0.30000000E+03   0.31546320E+06   0.48277558E+00  -0.16763175E+03   0.16763175E+03
  0.40061956E+00   0.11611974E-02   0.10000000E+03   0.30000000E+03   0.31622226E+06   0.49564497E+00  -0.17210032E+03   0.17210032E+03
  0.40063605E+00   0.11611974E-02   0.10000000E+03   0.30000000E+03   0.31702102E+06   0.50883609E+00  -0.17668061E+03   0.17668061E+03
  0.40065295E+00   0.11611974E-02   0.10000000E+03   0.30000000E+03   0.31786152E+06   0.52235699E+00  -0.18137541E+03   0.18137541E+03
  0.40067027E+00   0.11611974E-02   0.10000000E+03   0.30000000E+03   0.31874591E+06   0.53621592E+00  -0.18618757E+03   0.18618757E+03
  0.40068803E+00   0.11611974E-02   0.10000000E+03   0.30000000E+03   0.31967644E+06   0.55042132E+00  -0.19112004E+03   0.19112004E+03
  0.40070623E+00   0.11611974E-02   0.10000000E+03   0.30000000E+03   0.32065548E+06   0.56498185E+00  -0.19617582E+03   0.19617582E+03
  0.40072488E+00   0.11611974E-02   0.10000000E+03   0.30000000E+03   0.32168552E+06   0.57990639E+00  -0.20135800E+03   0.20135800E+03
  0.40074401E+00   0.11611974E-02   0.10000000E+03   0.30000000E+03   0.32276919E+06   0.59520405E+00  -0.20666973E+03   0.20666973E+03
  0.40076361E+00   0.11611974E-02   0.10000000E+03   0.30000000E+03   0.32390923E+06   0.61088416E+00  -0.21211425E+03   0.21211425E+03
  0.40078370E+00   0.11611974E-02   0.10000000E+03   0.30000000E+03   0.32510853E+06   0.62695626E+00  -0.21769489E+03   0.21769489E+03
  0.40080429E+00   0.11611974E-02   0.10000000E+03   0.30000000E+03   0.32637014E+06   0.64343017E+00  -0.22341504E+03   0.22341504E+03
  0.40082539E+00   0.11611974E-02   0.10000000E+03   0.30000000E+03   0.32769725E+06   0.66031592E+00  -0.22927819E+03   0.22927819E+03
  0.40084703E+00   0.11611974E-02   0.10000000E+03   0.30000000E+03   0.32909320E+06   0.67762382E+00  -0.23528793E+03   0.23528793E+03
  0.40086921E+00   0.11611974E-02   0.10000000E+03   0.30000000E+03   0.33056155E+06   0.69536441E+00  -0.24144791E+03   0.24144791E+03
  0.40089194E+00   0.11611974E-02   0.10000000E+03   0.30000000E+03   0.33210598E+06   0.71354852E+00  -0.24776189E+03   0.24776189E+03
  0.40091523E+00   0.11611974E-02   0.10000000E+03   0.30000000E+03   0.33373039E+06   0.73218724E+00  -0.25423371E+03   0.25423371E+03
  0.40093911E+00   0.11611974E-02   0.10000000E+03   0.30000000E+03   0.33543888E+06   0.75129192E+00  -0.26086734E+03   0.26086734E+03
  0.40096359E+00   0.11611974E-02   0.10000000E+03   0.30000000E+03   0.33723576E+06   0.77087422E+00  -0.26766680E+03   0.26766680E+03
  0.40098868E+00   0.11611974E-02   0.10000000E+03   0.30000000E+03   0.33912553E+06   0.79094607E+00  -0.27463625E+03   0.27463625E+03
  0.40101440E+00   0.11611974E-02   0.10000000E+03   0.30000000E+03   0.34111297E+06   0.81151972E+00  -0.28177994E+03   0.28177994E+03
  0.40104076E+00   0.11611974E-02   0.10000000E+03   0.30000000E+03   0.34320304E+06   0.83260772E+00  -0.28910221E+03   0.28910221E+03
  0.40106778E+00   0.11611974E-02   0.10000000E+03   0.30000000E+03   0.34540102E+06   0.85422291E+00  -0.29660755E+03   0.29660755E+03
  0.40109547E+00   0.11611974E-02   0.10000000E+03   0.30000000E+03   0.34771240E+06   0.87637848E+00  -0.30430052E+03   0.30430052E+03
  0.40112386E+00   0.11611974E-02   0.10000000E+03   0.30000000E+03   0.35014299E+06   0.89908794E+00  -0.31218581E+03   0.31218581E+03
  0.40115296E+00   0.11611974E-02   0.10000000E+03   0.30000000E+03   0.35269887E+06   0.92236514E+00  -0.32026824E+03   0.32026824E+03
  0.40118278E+00   0.11611974E-02   0.10000000E+03   0.30000000E+03   0.35538645E+06   0.94622427E+00  -0.32855272E+03   0.32855272E+03
  0.40121335E+00   0.11611974E-02   0.10000000E+03   0.30000000E+03   0.35821244E+06   0.97067988E+00  -0.33704432E+03   0.33704432E+03
  0.40124468E+00   0.11611974E-02   0.10000000E+03   0.30000000E+03   0.36118391E+06   0.99574688E+00  -0.34574821E+03   0.34574821E+03
  0.40127680E+00   0.11611974E-02   0.10000000E+03   0.30000000E+03   0.36430830E+06   0.10214405E+01  -0.35466969E+03   0.35466969E+03
  0.40130972E+00   0.11611974E-02   0.10000000E+03   0.30000000E+03   0.36759339E+06   0.10477766E+01  -0.36381422E+03   0.36381422E+03
  0.40134346E+00   0.11611974E-02   0.10000000E+03   0.30000000E+03   0.37104740E+06   0.10747710E+01  -0.37318735E+03   0.37318735E+03
  0.40137805E+00   0.11611974E-02   0.10000000E+03   0.30000000E+03   0.37467894E+06   0.11024402E+01  -0.38279481E+03   0.38279481E+03
  0.40141350E+00   0.11611974E-02   0.10000000E+03   0.30000000E+03   0.37849705E+06   0.11308013E+01  -0.39264246E+03   0.39264246E+03
  0.40144984E+00   0.11611974E-02   0.10000000E+03   0.30000000E+03   0.38251127E+06   0.11598713E+01  -0.40273631E+03   0.40273631E+03
  0.40148709E+00   0.11611974E-02   0.10000000E+03   0.30000000E+03   0.38673157E+06   0.11896681E+01  -0.41308249E+03   0.41308249E+03
  0.40152526E+00   0.11611974E-02   0.10000000E+03   0.30000000E+03   0.39116848E+06   0.12202098E+01  -0.42368734E+03   0.42368734E+03
  0.40156439E+00   0.11611974E-02   0.10000000E+03   0.30000000E+03   0.39583302E+06   0.12515150E+01  -0.43455730E+03   0.43455730E+03
  0.40160450E+00   0.11611974E-02   0.10000000E+03   0.30000000E+03   0.40073680E+06   0.12836029E+01  -0.44569901E+03   0.44569901E+03
  0.40164562E+00   0.11611974E-02   0.10000000E+03   0.30000000E+03   0.40589201E+06   0.13164930E+01  -0.45711927E+03   0.45711927E+03
  0.40168776E+00   0.11611974E-02   0.10000000E+03   0.30000000E+03   0.41131145E+06   0.13502053E+01  -0.46882503E+03   0.46882503E+03
  0.40173095E+00   0.11611974E-02   0.10000000E+03   0.30000000E+03   0.41700859E+06   0.13847604E+01  -0.48082344E+03   0.48082344E+03
  0.40177522E+00   0.11611974E-02   0.10000000E+03   0.30000000E+03   0.42299756E+06   0.14201794E+01  -0.49312180E+03   0.49312180E+03
  0.40182060E+00   0.11611974E-02   0.10000000E+03   0.30000000E+03   0.42929322E+06   0.14564839E+01  -0.50572763E+03   0.50572763E+03
  0.40186712E+00   0.11611974E-02   0.10000000E+03   0.30000000E+03   0.43591118E+06   0.14936960E+01  -0.51864860E+03   0.51864860E+03
  0.40191480E+00   0.11611974E-02   0.10000000E+03   0.30000000E+03   0.44286786E+06   0.15318384E+01  -0.53189259E+03   0.53189259E+03
  0.40196367E+00   0.11611974E-02   0.10000000E+03   0.30000000E+03   0.45018050E+06   0.15709344E+01  -0.54546769E+03   0.54546769E+03
  0.40201376E+00   0.11611974E-02   0.10000000E+03   0.30000000E+03   0.45786720E+06   0.16110077E+01  -0.55938216E+03   0.55938216E+03
  0.40206510E+00   0.11611974E-02   0.10000000E+03   0.30000000E+03   0.46594700E+06   0.16520829E+01  -0.57364449E+03   0.57364449E+03
  0.40211773E+00   0.11611974E-02   0.10000000E+03   0.30000000E+03   0.47443991E+06   0.16941850E+01  -0.58826338E+03   0.58826338E+03
  0.40217167E+00   0.11611974E-02   0.10000000E+03   0.30000000E+03   0.48336692E+06   0.17373396E+01  -0.60324775E+03   0.60324775E+03
  0.40222697E+00   0.11611974E-02   0.10000000E+03   0.30000000E+03   0.49275014E+06   0.17815731E+01  -0.61860672E+03   0.61860672E+03
  0.40228364E+00   0.11611974E-02   0.10000000E+03   0.30000000E+03   0.50261275E+06   0.18269124E+01  -0.63434967E+03   0.63434967E+03
  0.40234173E+00   0.11611974E-02   0.10000000E+03   0.30000000E+03   0.51297914E+06   0.18733853E+01  -0.65048619E+03   0.65048619E+03
  0.40240127E+00   0.11611974E-02   0.10000000E+03   0.30000000E+03   0.52387493E+06   0.19210199E+01  -0.66702613E+03   0.66702613E+03
  0.40246231E+00   0.11611974E-02   0.10000000E+03   0.30000000E+03   0.53532702E+06   0.19698454E+01  -0.68397956E+03   0.68397956E+03
  0.40252486E+00   0.11611974E-02   0.10000000E+03   0.30000000E+03   0.54736370E+06   0.20198915E+01  -0.70135683E+03   0.70135683E+03
  0.40258899E+00   0.11611974E-02   0.10000000E+03   0.30000000E+03   0.56001469E+06   0.20711888E+01  -0.71916853E+03   0.71916853E+03
  0.40265471E+00   0.11611974E-02   0.10000000E+03   0.30000000E+03   0.57331120E+06   0.21237685E+01  -0.73742552E+03   0.73742552E+03
  0.40272208E+00   0.11611974E-02   0.10000000E+03   0.30000000E+03   0.58728605E+06   0.21776627E+01  -0.75613894E+03   0.75613894E+03
  0.40279113E+00   0.11611974E-02   0.10000000E+03   0.30000000E+03   0.60197370E+06   0.22329043E+01  -0.77532020E+03   0.77532020E+03
  0.40286191E+00   0.11611974E-02   0.10000000E+03   0.30000000E+03   0.61741038E+06   0.22895269E+01  -0.79498098E+03   0.79498098E+03
  0.40293446E+00   0.11611974E-02   0.10000000E+03   0.30000000E+03   0.63363414E+06   0.23475651E+01  -0.81513329E+03   0.81513329E+03
  0.40300882E+00   0.11611974E-02   0.10000000E+03   0.30000000E+03   0.65068496E+06   0.24070542E+01  -0.83578940E+03   0.83578940E+03
  0.40308504E+00   0.11611974E-02   0.10000000E+03   0.30000000E+03   0.66860486E+06   0.24680306E+01  -0.85696191E+03   0.85696191E+03
  0.40316316E+00   0.11611974E-02   0.10000000E+03   0.30000000E+03   0.68743798E+06   0.25305313E+01  -0.87866374E+03   0.87866374E+03
  0.40324324E+00   0.11611974E-02   0.10000000E+03   0.30000000E+03   0.70723071E+06   0.25945946E+01  -0.90090811E+03   0.90090811E+03
  0.40332532E+00   0.11611974E-02   0.10000000E+03   0.30000000E+03   0.72803179E+06   0.26602595E+01  -0.92370860E+03   0.92370860E+03
  0.40340946E+00   0.11611974E-02   0.10000000E+03   0.30000000E+03   0.74989240E+06   0.27275660E+01  -0.94707909E+03   0.94707909E+03
  0.40349569E+00   0.11611974E-02   0.10000000E+03   0.30000000E+03   0.77286637E+06   0.27965551E+01  -0.97103385E+03   0.97103385E+03
  0.40358409E+00   0.11611974E-02   0.10000000E+03   0.30000000E+03   0.79701021E+06   0.28672690E+01  -0.99558747E+03   0.99558747E+03
  0.40367469E+00   0.11611974E-02   0.10000000E+03   0.30000000E+03   0.82238333E+06   0.29397507E+01  -0.10207549E+04   0.10207549E+04
  0.40376756E+00   0.11611974E-02   0.10000000E+03   0.30000000E+03   0.84904812E+06   0.30140445E+01  -0.10465516E+04   0.10465516E+04
  0.40386274E+00   0.11611974E-02   0.10000000E+03   0.30000000E+03   0.87707017E+06   0.30901956E+01  -0.10729932E+04   0.10729932E+04
  0.40396031E+00   0.11611974E-02   0.10000000E+03   0.30000000E+03   0.90651836E+06   0.31682505E+01  -0.11000958E+04   0.11000958E+04
  0.40406032E+00   0.11611974E-02   0.10000000E+03   0.30000000E+03   0.93746508E+06   0.32482568E+01  -0.11278759E+04   0.11278759E+04
  0.40416283E+00   0.11611974E-02   0.10000000E+03   0.30000000E+03   0.96998639E+06   0.33302632E+01  -0.11563506E+04   0.11563506E+04
  0.40426790E+00   0.11611974E-02   0.10000000E+03   0.30000000E+03   0.10041622E+07   0.34143198E+01  -0.11855372E+04   0.11855372E+04
  0.40437560E+00   0.11611974E-02   0.10000000E+03   0.30000000E+03   0.10400765E+07   0.35004777E+01  -0.12154534E+04   0.12154534E+04
  0.40448599E+00   0.11611974E-02   0.10000000E+03   0.30000000E+03   0.10778174E+07   0.35887897E+01  -0.12461175E+04   0.12461175E+04
  0.40459914E+00   0.11611974E-02   0.10000000E+03   0.30000000E+03   0.11174777E+07   0.36793094E+01  -0.12775482E+04   0.12775482E+04
  0.40471512E+00   0.11611974E-02   0.10000000E+03   0.30000000E+03   0.11591548E+07   0.37720922E+01  -0.13097647E+04   0.13097647E+04
  0.40483399E+00   0.11611974E-02   0.10000000E+03   0.30000000E+03   0.12029509E+07   0.38671945E+01  -0.13427866E+04   0.13427866E+04
  0.40495584E+00   0.11611974E-02   0.10000000E+03   0.30000000E+03   0.12489736E+07   0.39646743E+01  -0.13766340E+04   0.13766340E+04
  0.40508074E+00   0.11611974E-02   0.10000000E+03   0.30000000E+03   0.12973359E+07   0.40645912E+01  -0.14113277E+04   0.14113277E+04
  0.40520876E+00   0.11611974E-02   0.10000000E+03   0.30000000E+03   0.13481564E+07   0.41670060E+01  -0.14468886E+04   0.14468886E+04
  0.40533998E+00   0.11611974E-02   0.10000000E+03   0.30000000E+03   0.14015598E+07   0.42719811E+01  -0.14833386E+04   0.14833386E+04
  0.40547448E+00   0.11611974E-02   0.10000000E+03   0.30000000E+03   0.14576771E+07   0.43795807E+01  -0.15206999E+04   0.15206999E+04
  0.40561234E+00   0.11611974E-02   0.10000000E+03   0.30000000E+03   0.15166460E+07   0.44898702E+01  -0.15589952E+04   0.15589952E+04
  0.40575365E+00   0.11611974E-02   0.10000000E+03   0.30000000E+03   0.15786111E+07   0.46029169E+01  -0.15982478E+04   0.15982478E+04
  0.40589849E+00   0.11611974E-02   0.10000000E+03   0.30000000E+03   0.16437243E+07   0.47187898E+01  -0.16384818E+04   0.16384818E+04
  0.40604680E+00   0.11611974E-02   0.10000000E+03   0.30000000E+03   0.17120765E+07   0.48374416E+01  -0.16796806E+04   0.16796806E+04
  0.40619680E+00   0.11611974E-02   0.10000000E+03   0.30000000E+03   0.17829319E+07   0.49574416E+01  -0.17213476E+04   0.17213476E+04
  0.40634680E+00   0.11611974E-02   0.10000000E+03   0.30000000E+03   0.18555233E+07   0.50774416E+01  -0.17630146E+04   0.17630146E+04
  0.40649680E+00   0.11611974E-02   0.10000000E+03   0.30000000E+03   0.19298509E+07   0.51974416E+01  -0.18046816E+04   0.18046816E+04
  0.40664680E+00   0.11611974E-02   0.10000000E+03   0.30000000E+03   0.20059147E+07   0.53174416E+01  -0.18463486E+04   0.18463486E+04
  0.40679680E+00   0.11611974E-02   0.10000000E+03   0.30000000E+03   0.20837145E+07   0.54374416E+01  -0.18880156E+04   0.18880156E+04
  0.40694680E+00   0.11611974E-02   0.10000000E+03   0.30000000E+03   0.21632506E+07   0.55574416E+01  -0.19296826E+04   0.19296826E+04
  0.40709680E+00   0.11611974E-02   0.10000000E+03   0.30000000E+03   0.22445227E+07   0.56774416E+01  -0.19713496E+04   0.19713496E+04
  0.40724680E+00   0.11611974E-02   0.10000000E+03   0.30000000E+03   0.23275310E+07   0.57974416E+01  -0.20130166E+04   0.20130166E+04
  0.40739680E+00   0.11611974E-02   0.10000000E+03   0.30000000E+03   0.24122754E+07   0.59174416E+01  -0.20546836E+04   0.20546836E+04
  0.40754680E+00   0.11611974E-02   0.10000000E+03   0.30000000E+03   0.24987560E+07   0.60374416E+01  -0.20963506E+04   0.20963506E+04
  0.40769680E+00   0.11611974E-02   0.10000000E+03   0.30000000E+03   0.25869727E+07   0.61574416E+01  -0.21380176E+04   0.21380176E+04
  0.40784680E+00   0.11611974E-02   0.10000000E+03   0.30000000E+03   0.26769256E+07   0.62774416E+01  -0.21796846E+04   0.21796846E+04
  0.40799680E+00   0.11611974E-02   0.10000000E+03   0.30000000E+03   0.27686146E+07   0.63974416E+01  -0.22213516E+04   0.22213516E+04
  0.40814680E+00   0.11611974E-02   0.10000000E+03   0.30000000E+03   0.28620397E+07   0.65174416E+01  -0.22630186E+04   0.22630186E+04
  0.40829680E+00   0.11611974E-02   0.10000000E+03   0.30000000E+03   0.29572010E+07   0.66374416E+01  -0.23046856E+04   0.23046856E+04
  0.40844680E+00   0.11611974E-02   0.10000000E+03   0.30000000E+03   0.30540984E+07   0.67574416E+01  -0.23463526E+04   0.23463526E+04
  0.40859680E+00   0.11611974E-02   0.10000000E+03   0.30000000E+03   0.31527319E+07   0.68774416E+01  -0.23880196E+04   0.23880196E+04
  0.40874680E+00   0.11611974E-02   0.10000000E+03   0.30000000E+03   0.32531016E+07   0.69974416E+01  -0.24296866E+04   0.24296866E+04
  0.40889680E+00   0.11611974E-02   0.10000000E+03   0.30000000E+03   0.33552074E+07   0.71174416E+01  -0.24713536E+04   0.24713536E+04
  0.40904680E+00   0.11611974E-02   0.10000000E+03   0.30000000E+03   0.34590494E+07   0.72374416E+01  -0.25130206E+04   0.25130206E+04
  0.40919680E+00   0.11611974E-02   0.10000000E+03   0.30000000E+03   0.35646275E+07   0.73574416E+01  -0.25546876E+04   0.25546876E+04
  0.40934680E+00   0.11611974E-02   0.10000000E+03   0.30000000E+03   0.36719417E+07   0.74774416E+01  -0.25963546E+04   0.25963546E+04
  0.40949680E+00   0.11611974E-02   0.10000000E+03   0.30000000E+03   0.37809921E+07   0.75974416E+01  -0.26380216E+04   0.26380216E+04
  0.40964680E+00   0.11611974E-02   0.10000000E+03   0.30000000E+03   0.38917786E+07   0.77174416E+01  -0.26796886E+04   0.26796886E+04
  0.40979680E+00   0.11611974E-02   0.10000000E+03   0.30000000E+03   0.40043013E+07   0.78374416E+01  -0.27213556E+04   0.27213556E+04
  0.40994680E+00   0.11611974E-02   0.10000000E+03   0.30000000E+03   0.41185601E+07   0.79574416E+01  -0.27630226E+04   0.27630226E+04
  0.41009680E+00   0.11611974E-02   0.10000000E+03   0.30000000E+03   0.41594994E+07   0.80000000E+01  -0.27778000E+04   0.27778000E+04
  0.41024680E+00   0.11611974E-02   0.10000000E+03   0.30000000E+03   0.41594994E+07   0.80000000E+01  -0.27778000E+04   0.27778000E+04
  0.41039680E+00   0.11611974E-02   0.10000000E+03   0.30000000E+03   0.41594994E+07   0.80000000E+01  -0.27778000E+04   0.27778000E+04
  0.41054680E+00   0.11611974E-02   0.10000000E+03   0.30000000E+03   0.41594994E+07   0.80000000E+01  -0.27778000E+04   0.27778000E+04
  0.41069680E+00   0.11611974E-02   0.10000000E+03   0.30000000E+03   0.41594994E+07   0.80000000E+01  -0.27778000E+04   0.27778000E+04
  0.41084680E+00   0.11611974E-02   0.10000000E+03   0.30000000E+03   0.41594994E+07   0.80000000E+01  -0.27778000E+04   0.27778000E+04
  0.41099680E+00   0.11611974E-02   0.10000000E+03   0.30000000E+03   0.41594994E+07   0.80000000E+01  -0.27778000E+04   0.27778000E+04
  0.41114680E+00   0.11611974E-02   0.10000000E+03   0.30000000E+03   0.41594994E+07   0.80000000E+01  -0.27778000E+04   0.27778000E+04
  0.41129680E+00   0.11611974E-02   0.10000000E+03   0.30000000E+03   0.41594994E+07   0.80000000E+01  -0.27778000E+04   0.27778000E+04
  0.41144680E+00   0.11611974E-02   0.10000000E+03   0.30000000E+03   0.41594994E+07   0.80000000E+01  -0.27778000E+04   0.27778000E+04
  0.41159680E+00   0.11611974E-02   0.10000000E+03   0.30000000E+03   0.41594994E+07   0.80000000E+01  -0.27778000E+04   0.27778000E+04
  0.41174680E+00   0.11611974E-02   0.10000000E+03   0.30000000E+03   0.41594994E+07   0.80000000E+01  -0.27778000E+04   0.27778000E+04
  0.41189680E+00   0.11611974E-02   0.10000000E+03   0.30000000E+03   0.41594994E+07   0.80000000E+01  -0.27778000E+04   0.27778000E+04
  0.41204680E+00   0.11611974E-02   0.10000000E+03   0.30000000E+03   0.41594994E+07   0.80000000E+01  -0.27778000E+04   0.27778000E+04
  0.41219680E+00   0.11611974E-02   0.10000000E+03   0.30000000E+03   0.41594994E+07   0.80000000E+01  -0.27778000E+04   0.27778000E+04
  0.41234680E+00   0.11611974E-02   0.10000000E+03   0.30000000E+03   0.41594994E+07   0.80000000E+01  -0.27778000E+04   0.27778000E+04
  0.41249680E+00   0.11611974E-02   0.10000000E+03   0.30000000E+03   0.41594994E+07   0.80000000E+01  -0.27778000E+04   0.27778000E+04
  0.41264680E+00   0.11611974E-02   0.10000000E+03   0.30000000E+03   0.41594994E+07   0.80000000E+01  -0.27778000E+04   0.27778000E+04
  0.41279680E+00   0.11611974E-02   0.10000000E+03   0.30000000E+03   0.41594994E+07   0.80000000E+01  -0.27778000E+04   0.27778000E+04
  0.41294680E+00   0.11611974E-02   0.10000000E+03   0.30000000E+03   0.41594994E+07   0.80000000E+01  -0.27778000E+04   0.27778000E+04
  0.41309680E+00   0.11611974E-02   0.10000000E+03   0.30000000E+03   0.41594994E+07   0.80000000E+01  -0.27778000E+04   0.27778000E+04
  0.41324680E+00   0.11611974E-02   0.10000000E+03   0.30000000E+03   0.41594994E+07   0.80000000E+01  -0.27778000E+04   0.27778000E+04
  0.41339680E+00   0.11611974E-02   0.10000000E+03   0.30000000E+03   0.41594994E+07   0.80000000E+01  -0.27778000E+04   0.27778000E+04
  0.41354680E+00   0.11611974E-02   0.10000000E+03   0.30000000E+03   0.41594994E+07   0.80000000E+01  -0.27778000E+04   0.27778000E+04
  0.41369680E+00   0.11611974E-02   0.10000000E+03   0.30000000E+03   0.41594994E+07   0.80000000E+01  -0.27778000E+04   0.27778000E+04
  0.41384680E+00   0.11611974E-02   0.10000000E+03   0.30000000E+03   0.41594994E+07   0.80000000E+01  -0.27778000E+04   0.27778000E+04
  0.41399680E+00   0.11611974E-02   0.10000000E+03   0.30000000E+03   0.41594994E+07   0.80000000E+01  -0.27778000E+04   0.27778000E+04
  0.41414680E+00   0.11611974E-02   0.10000000E+03   0.30000000E+03   0.41594994E+07   0.80000000E+01  -0.27778000E+04   0.27778000E+04
  0.41429680E+00   0.11611974E-02   0.10000000E+03   0.30000000E+03   0.41594994E+07   0.80000000E+01  -0.27778000E+04   0.27778000E+04
  0.41444680E+00   0.11611974E-02   0.10000000E+03   0.30000000E+03   0.41594994E+07   0.80000000E+01  -0.27778000E+04   0.27778000E+04
  0.41459680E+00   0.11611974E-02   0.10000000E+03   0.30000000E+03   0.41594994E+07   0.80000000E+01  -0.27778000E+04   0.27778000E+04
  0.41474680E+00   0.11611974E-02   0.10000000E+03   0.30000000E+03   0.41594994E+07   0.80000000E+01  -0.27778000E+04   0.27778000E+04
  0.41489680E+00   0.11611974E-02   0.10000000E+03   0.30000000E+03   0.41594994E+07   0.80000000E+01  -0.27778000E+04   0.27778000E+04
  0.41504680E+00   0.11611974E-02   0.10000000E+03   0.30000000E+03   0.41594994E+07   0.80000000E+01  -0.27778000E+04   0.27778000E+04
  0.41519680E+00   0.11611974E-02   0.10000000E+03   0.30000000E+03   0.41594994E+07   0.80000000E+01  -0.27778000E+04   0.27778000E+04
  0.41534680E+00   0.11611974E-02   0.10000000E+03   0.30000000E+03   0.41594994E+07   0.80000000E+01  -0.27778000E+04   0.27778000E+04
  0.41549680E+00   0.11611974E-02   0.10000000E+03   0.30000000E+03   0.41594994E+07   0.80000000E+01  -0.27778000E+04   0.27778000E+04
  0.41564680E+00   0.11611974E-02   0.10000000E+03   0.30000000E+03   0.41594994E+07   0.80000000E+01  -0.27778000E+04   0.27778000E+04
  0.41579680E+00   0.11611974E-02   0.10000000E+03   0.30000000E+03   0.41594994E+07   0.80000000E+01  -0.27778000E+04   0.27778000E+04
  0.41594680E+00   0.11611974E-02   0.10000000E+03   0.30000000E+03   0.41594994E+07   0.80000000E+01  -0.27778000E+04   0.27778000E+04
  0.41609680E+00   0.11611974E-02   0.10000000E+03   0.30000000E+03   0.41594994E+07   0.80000000E+01  -0.27778000E+04   0.27778000E+04
  0.41624680E+00   0.11611974E-02   0.10000000E+03   0.30000000E+03   0.41594994E+07   0.80000000E+01  -0.27778000E+04   0.27778000E+04
  0.41639680E+00   0.11611974E-02   0.10000000E+03   0.30000000E+03   0.41594994E+07   0.80000000E+01  -0.27778000E+04   0.27778000E+04
  0.41654680E+00   0.11611974E-02   0.10000000E+03   0.30000000E+03   0.41594994E+07   0.80000000E+01  -0.27778000E+04   0.27778000E+04
  0.41669680E+00   0.11611974E-02   0.10000000E+03   0.30000000E+03   0.41594994E+07   0.80000000E+01  -0.27778000E+04   0.27778000E+04
  0.41684680E+00   0.11611974E-02   0.10000000E+03   0.30000000E+03   0.41594994E+07   0.80000000E+01  -0.27778000E+04   0.27778000E+04
  0.41699680E+00   0.11611974E-02   0.10000000E+03   0.30000000E+03   0.41594994E+07   0.80000000E+01  -0.27778000E+04   0.27778000E+04
  0.41714680E+00   0.11611974E-02   0.10000000E+03   0.30000000E+03   0.41594994E+07   0.80000000E+01  -0.27778000E+04   0.27778000E+04
  0.41729680E+00   0.11611974E-02   0.10000000E+03   0.30000000E+03   0.41594994E+07   0.80000000E+01  -0.27778000E+04   0.27778000E+04
  0.41744680E+00   0.11611974E-02   0.10000000E+03   0.30000000E+03   0.41594994E+07   0.80000000E+01  -0.27778000E+04   0.27778000E+04
  0.41759680E+00   0.11611974E-02   0.10000000E+03   0.30000000E+03   0.41594994E+07   0.80000000E+01  -0.27778000E+04   0.27778000E+04
  0.41774680E+00   0.11611974E-02   0.10000000E+03   0.30000000E+03   0.41594994E+07   0.80000000E+01  -0.27778000E+04   0.27778000E+04
  0.41789680E+00   0.11611974E-02   0.10000000E+03   0.30000000E+03   0.41594994E+07   0.80000000E+01  -0.27778000E+04   0.27778000E+04
  0.41804680E+00   0.11611974E-02   0.10000000E+03   0.30000000E+03   0.41594994E+07   0.80000000E+01  -0.27778000E+04   0.27778000E+04
  0.41819680E+00   0.11611974E-02   0.10000000E+03   0.30000000E+03   0.41594994E+07   0.80000000E+01  -0.27778000E+04   0.27778000E+04
  0.41834680E+00   0.11611974E-02   0.10000000E+03   0.30000000E+03   0.41594994E+07   0.80000000E+01  -0.27778000E+04   0.27778000E+04
  0.41849680E+00   0.11611974E-02   0.10000000E+03   0.30000000E+03   0.41594994E+07   0.80000000E+01  -0.27778000E+04   0.27778000E+04
  0.41864680E+00   0.11611974E-02   0.10000000E+03   0.30000000E+03   0.41594994E+07   0.80000000E+01  -0.27778000E+04   0.27778000E+04
  0.41879680E+00   0.11611974E-02   0.10000000E+03   0.30000000E+03   0.41594994E+07   0.80000000E+01  -0.27778000E+04   0.27778000E+04
  0.41894680E+00   0.11611974E-02   0.10000000E+03   0.30000000E+03   0.41594994E+07   0.80000000E+01  -0.27778000E+04   0.27778000E+04
  0.41909680E+00   0.11611974E-02   0.10000000E+03   0.30000000E+03   0.41594994E+07   0.80000000E+01  -0.27778000E+04   0.27778000E+04
  0.41924680E+00   0.11611974E-02   0.10000000E+03   0.30000000E+03   0.41594994E+07   0.80000000E+01  -0.27778000E+04   0.27778000E+04
  0.41939680E+00   0.11611974E-02   0.10000000E+03   0.30000000E+03   0.41594994E+07   0.80000000E+01  -0.27778000E+04   0.27778000E+04
  0.41954680E+00   0.11611974E-02   0.10000000E+03   0.30000000E+03   0.41594994E+07   0.80000000E+01  -0.27778000E+04   0.27778000E+04
  0.41969680E+00   0.11611974E-02   0.10000000E+03   0.30000000E+03   0.41594994E+07   0.80000000E+01  -0.27778000E+04   0.27778000E+04
  0.41984680E+00   0.11611974E-02   0.10000000E+03   0.30000000E+03   0.41594994E+07   0.80000000E+01  -0.27778000E+04   0.27778000E+04
  0.41999680E+00   0.11611974E-02   0.10000000E+03   0.30000000E+03   0.41594994E+07   0.80000000E+01  -0.27778000E+04   0.27778000E+04
  0.42014680E+00   0.11611974E-02   0.10000000E+03   0.30000000E+03   0.41594994E+07   0.80000000E+01  -0.27778000E+04   0.27778000E+04
  0.42029680E+00   0.11611974E-02   0.10000000E+03   0.30000000E+03   0.41594994E+07   0.80000000E+01  -0.27778000E+04   0.27778000E+04
  0.42044680E+00   0.11611974E-02   0.10000000E+03   0.30000000E+03   0.41594994E+07   0.80000000E+01  -0.27778000E+04   0.27778000E+04
  0.42059680E+00   0.11611974E-02   0.10000000E+03   0.30000000E+03   0.41594994E+07   0.80000000E+01  -0.27778000E+04   0.27778000E+04
  0.42074680E+00   0.11611974E-02   0.10000000E+03   0.30000000E+03   0.41594994E+07   0.80000000E+01  -0.27778000E+04   0.27778000E+04
  0.42089680E+00   0.11611974E-02   0.10000000E+03   0.30000000E+03   0.41594994E+07   0.80000000E+01  -0.27778000E+04   0.27778000E+04
  0.42104680E+00   0.11611974E-02   0.10000000E+03   0.30000000E+03   0.41594994E+07   0.80000000E+01  -0.27778000E+04   0.27778000E+04
  0.42119680E+00   0.11611974E-02   0.10000000E+03   0.30000000E+03   0.41594994E+07   0.80000000E+01  -0.27778000E+04   0.27778000E+04
  0.42134680E+00   0.11611974E-02   0.10000000E+03   0.30000000E+03   0.41594994E+07   0.80000000E+01  -0.27778000E+04   0.27778000E+04
  0.42149680E+00   0.11611974E-02   0.10000000E+03   0.30000000E+03   0.41594994E+07   0.80000000E+01  -0.27778000E+04   0.27778000E+04
  0.42164680E+00   0.11611974E-02   0.10000000E+03   0.30000000E+03   0.41594994E+07   0.80000000E+01  -0.27778000E+04   0.27778000E+04
  0.42179680E+00   0.11611974E-02   0.10000000E+03   0.30000000E+03   0.41594994E+07   0.80000000E+01  -0.27778000E+04   0.27778000E+04
  0.42194680E+00   0.11611974E-02   0.10000000E+03   0.30000000E+03   0.41594994E+07   0.80000000E+01  -0.27778000E+04   0.27778000E+04
  0.42209680E+00   0.11611974E-02   0.10000000E+03   0.30000000E+03   0.41594994E+07   0.80000000E+01  -0.27778000E+04   0.27778000E+04
  0.42224680E+00   0.11611974E-02   0.10000000E+03   0.30000000E+03   0.41594994E+07   0.80000000E+01  -0.27778000E+04   0.27778000E+04
  0.42239680E+00   0.11611974E-02   0.10000000E+03   0.30000000E+03   0.41594994E+07   0.80000000E+01  -0.27778000E+04   0.27778000E+04
  0.42254680E+00   0.11611974E-02   0.10000000E+03   0.30000000E+03   0.41594994E+07   0.80000000E+01  -0.27778000E+04   0.27778000E+04
  0.42269680E+00   0.11611974E-02   0.10000000E+03   0.30000000E+03   0.41594994E+07   0.80000000E+01  -0.27778000E+04   0.27778000E+04
  0.42284680E+00   0.11611974E-02   0.10000000E+03   0.30000000E+03   0.41594994E+07   0.80000000E+01  -0.27778000E+04   0.27778000E+04
  0.42299680E+00   0.11611974E-02   0.10000000E+03   0.30000000E+03   0.41594994E+07   0.80000000E+01  -0.27778000E+04   0.27778000E+04
  0.42314680E+00   0.11611974E-02   0.10000000E+03   0.30000000E+03   0.41594994E+07   0.80000000E+01  -0.27778000E+04   0.27778000E+04
  0.42329680E+00   0.11611974E-02   0.10000000E+03   0.30000000E+03   0.41594994E+07   0.80000000E+01  -0.27778000E+04   0.27778000E+04
  0.42344680E+00   0.11611974E-02   0.10000000E+03   0.30000000E+03   0.41594994E+07   0.80000000E+01  -0.27778000E+04   0.27778000E+04
  0.42359680E+00   0.11611974E-02   0.10000000E+03   0.30000000E+03   0.41594994E+07   0.80000000E+01  -0.27778000E+04   0.27778000E+04
  0.42374680E+00   0.11611974E-02   0.10000000E+03   0.30000000E+03   0.41594994E+07   0.80000000E+01  -0.27778000E+04   0.27778000E+04
  0.42389680E+00   0.11611974E-02   0.10000000E+03   0.30000000E+03   0.41594994E+07   0.80000000E+01  -0.27778000E+04   0.27778000E+04
  0.42404680E+00   0.11611974E-02   0.10000000E+03   0.30000000E+03   0.41594994E+07   0.80000000E+01  -0.27778000E+04   0.27778000E+04
  0.42419680E+00   0.11611974E-02   0.10000000E+03   0.30000000E+03   0.41594994E+07   0.80000000E+01  -0.27778000E+04   0.27778000E+04
  0.42434680E+00   0.11611974E-02   0.10000000E+03   0.30000000E+03   0.41594994E+07   0.80000000E+01  -0.27778000E+04   0.27778000E+04
  0.42449680E+00   0.11611974E-02   0.10000000E+03   0.30000000E+03   0.41594994E+07   0.80000000E+01  -0.27778000E+04   0.27778000E+04
  0.42464680E+00   0.11611974E-02   0.10000000E+03   0.30000000E+03   0.41594994E+07   0.80000000E+01  -0.27778000E+04   0.27778000E+04
  0.42479680E+00   0.11611974E-02   0.10000000E+03   0.30000000E+03   0.41594994E+07   0.80000000E+01  -0.27778000E+04   0.27778000E+04
  0.42494680E+00   0.11611974E-02   0.10000000E+03   0.30000000E+03   0.41594994E+07   0.80000000E+01  -0.27778000E+04   0.27778000E+04
  0.42509680E+00   0.11611974E-02   0.10000000E+03   0.30000000E+03   0.41594994E+07   0.80000000E+01  -0.27778000E+04   0.27778000E+04
  0.42524680E+00   0.11611974E-02   0.10000000E+03   0.30000000E+03   0.41594994E+07   0.80000000E+01  -0.27778000E+04   0.27778000E+04
  0.42539680E+00   0.11611974E-02   0.10000000E+03   0.30000000E+03   0.41594994E+07   0.80000000E+01  -0.27778000E+04   0.27778000E+04
  0.42554680E+00   0.11611974E-02   0.10000000E+03   0.30000000E+03   0.41594994E+07   0.80000000E+01  -0.27778000E+04   0.27778000E+04
  0.42569680E+00   0.11611974E-02   0.10000000E+03   0.30000000E+03   0.41594994E+07   0.80000000E+01  -0.27778000E+04   0.27778000E+04
  0.42584680E+00   0.11611974E-02   0.10000000E+03   0.30000000E+03   0.41594994E+07   0.80000000E+01  -0.27778000E+04   0.27778000E+04
  0.42599680E+00   0.11611974E-02   0.10000000E+03   0.30000000E+03   0.41594994E+07   0.80000000E+01  -0.27778000E+04   0.27778000E+04
  0.42614680E+00   0.11611974E-02   0.10000000E+03   0.30000000E+03   0.41594994E+07   0.80000000E+01  -0.27778000E+04   0.27778000E+04
  0.42629680E+00   0.11611974E-02   0.10000000E+03   0.30000000E+03   0.41594994E+07   0.80000000E+01  -0.27778000E+04   0.27778000E+04
  0.42644680E+00   0.11611974E-02   0.10000000E+03   0.30000000E+03   0.41594994E+07   0.80000000E+01  -0.27778000E+04   0.27778000E+04
  0.42659680E+00   0.11611974E-02   0.10000000E+03   0.30000000E+03   0.41594994E+07   0.80000000E+01  -0.27778000E+04   0.27778000E+04
  0.42674680E+00   0.11611974E-02   0.10000000E+03   0.30000000E+03   0.41594994E+07   0.80000000E+01  -0.27778000E+04   0.27778000E+04
  0.42689680E+00   0.11611974E-02   0.10000000E+03   0.30000000E+03   0.41594994E+07   0.80000000E+01  -0.27778000E+04   0.27778000E+04
  0.42704680E+00   0.11611974E-02   0.10000000E+03   0.30000000E+03   0.41594994E+07   0.80000000E+01  -0.27778000E+04   0.27778000E+04
  0.42719680E+00   0.11611974E-02   0.10000000E+03   0.30000000E+03   0.41594994E+07   0.80000000E+01  -0.27778000E+04   0.27778000E+04
  0.42734680E+00   0.11611974E-02   0.10000000E+03   0.30000000E+03   0.41594994E+07   0.80000000E+01  -0.27778000E+04   0.27778000E+04
  0.42749680E+00   0.11611974E-02   0.10000000E+03   0.30000000E+03   0.41594994E+07   0.80000000E+01  -0.27778000E+04   0.27778000E+04
  0.42764680E+00   0.11611974E-02   0.10000000E+03   0.30000000E+03   0.41594994E+07   0.80000000E+01  -0.27778000E+04   0.27778000E+04
  0.42779680E+00   0.11611974E-02   0.10000000E+03   0.30000000E+03   0.41594994E+07   0.80000000E+01  -0.27778000E+04   0.27778000E+04
  0.42794680E+00   0.11611974E-02   0.10000000E+03   0.30000000E+03   0.41594994E+07   0.80000000E+01  -0.27778000E+04   0.27778000E+04
  0.42809680E+00   0.11611974E-02   0.10000000E+03   0.30000000E+03   0.41594994E+07   0.80000000E+01  -0.27778000E+04   0.27778000E+04
  0.42824680E+00   0.11611974E-02   0.10000000E+03   0.30000000E+03   0.41594994E+07   0.80000000E+01  -0.27778000E+04   0.27778000E+04
  0.42839680E+00   0.11611974E-02   0.10000000E+03   0.30000000E+03   0.41594994E+07   0.80000000E+01  -0.27778000E+04   0.27778000E+04
  0.42854680E+00   0.11611974E-02   0.10000000E+03   0.30000000E+03   0.41594994E+07   0.80000000E+01  -0.27778000E+04   0.27778000E+04
  0.42869680E+00   0.11611974E-02   0.10000000E+03   0.30000000E+03   0.41594994E+07   0.80000000E+01  -0.27778000E+04   0.27778000E+04
  0.42884680E+00   0.11611974E-02   0.10000000E+03   0.30000000E+03   0.41594994E+07   0.80000000E+01  -0.27778000E+04   0.27778000E+04
  0.42899680E+00   0.11611974E-02   0.10000000E+03   0.30000000E+03   0.41594994E+07   0.80000000E+01  -0.27778000E+04   0.27778000E+04
  0.42914680E+00   0.11611974E-02   0.10000000E+03   0.30000000E+03   0.41594994E+07   0.80000000E+01  -0.27778000E+04   0.27778000E+04
  0.42929680E+00   0.11611974E-02   0.10000000E+03   0.30000000E+03   0.41594994E+07   0.80000000E+01  -0.27778000E+04   0.27778000E+04
  0.42944680E+00   0.11611974E-02   0.10000000E+03   0.30000000E+03   0.41594994E+07   0.80000000E+01  -0.27778000E+04   0.27778000E+04
  0.42959680E+00   0.11611974E-02   0.10000000E+03   0.30000000E+03   0.41594994E+07   0.80000000E+01  -0.27778000E+04   0.27778000E+04
  0.42974680E+00   0.11611974E-02   0.10000000E+03   0.30000000E+03   0.41594994E+07   0.80000000E+01  -0.27778000E+04   0.27778000E+04
  0.42989680E+00   0.11611974E-02   0.10000000E+03   0.30000000E+03   0.41594994E+07   0.80000000E+01  -0.27778000E+04   0.27778000E+04
  0.43004680E+00   0.11611974E-02   0.10000000E+03   0.30000000E+03   0.41594994E+07   0.80000000E+01  -0.27778000E+04   0.27778000E+04
  0.43019680E+00   0.11611974E-02   0.10000000E+03   0.30000000E+03   0.41594994E+07   0.80000000E+01  -0.27778000E+04   0.27778000E+04
  0.43034680E+00   0.11611974E-02   0.10000000E+03   0.30000000E+03   0.41594994E+07   0.80000000E+01  -0.27778000E+04   0.27778000E+04
  0.43049680E+00   0.11611974E-02   0.10000000E+03   0.30000000E+03   0.41594994E+07   0.80000000E+01  -0.27778000E+04   0.27778000E+04
  0.43064680E+00   0.11611974E-02   0.10000000E+03   0.30000000E+03   0.41594994E+07   0.80000000E+01  -0.27778000E+04   0.27778000E+04
  0.43079680E+00   0.11611974E-02   0.10000000E+03   0.30000000E+03   0.41594994E+07   0.80000000E+01  -0.27778000E+04   0.27778000E+04
  0.43094680E+00   0.11611974E-02   0.10000000E+03   0.30000000E+03   0.41594994E+07   0.80000000E+01  -0.27778000E+04   0.27778000E+04
  0.43109680E+00   0.11611974E-02   0.10000000E+03   0.30000000E+03   0.41594994E+07   0.80000000E+01  -0.27778000E+04   0.27778000E+04
  0.43124680E+00   0.11611974E-02   0.10000000E+03   0.30000000E+03   0.41594994E+07   0.80000000E+01  -0.27778000E+04   0.27778000E+04
  0.43139680E+00   0.11611974E-02   0.10000000E+03   0.30000000E+03   0.41594994E+07   0.80000000E+01  -0.27778000E+04   0.27778000E+04
  0.43154680E+00   0.11611974E-02   0.10000000E+03   0.30000000E+03   0.41594994E+07   0.80000000E+01  -0.27778000E+04   0.27778000E+04
  0.43169680E+00   0.11611974E-02   0.10000000E+03   0.30000000E+03   0.41594994E+07   0.80000000E+01  -0.27778000E+04   0.27778000E+04
  0.43184680E+00   0.11611974E-02   0.10000000E+03   0.30000000E+03   0.41594994E+07   0.80000000E+01  -0.27778000E+04   0.27778000E+04
  0.43199680E+00   0.11611974E-02   0.10000000E+03   0.30000000E+03   0.41594994E+07   0.80000000E+01  -0.27778000E+04   0.27778000E+04
  0.43214680E+00   0.11611974E-02   0.10000000E+03   0.30000000E+03   0.41594994E+07   0.80000000E+01  -0.27778000E+04   0.27778000E+04
  0.43229680E+00   0.11611974E-02   0.10000000E+03   0.30000000E+03   0.41594994E+07   0.80000000E+01  -0.27778000E+04   0.27778000E+04
  0.43244680E+00   0.11611974E-02   0.10000000E+03   0.30000000E+03   0.41594994E+07   0.80000000E+01  -0.27778000E+04   0.27778000E+04
  0.43259680E+00   0.11611974E-02   0.10000000E+03   0.30000000E+03   0.41594994E+07   0.80000000E+01  -0.27778000E+04   0.27778000E+04
  0.43274680E+00   0.11611974E-02   0.10000000E+03   0.30000000E+03   0.41594994E+07   0.80000000E+01  -0.27778000E+04   0.27778000E+04
  0.43289680E+00   0.11611974E-02   0.10000000E+03   0.30000000E+03   0.41594994E+07   0.80000000E+01  -0.27778000E+04   0.27778000E+04
  0.43304680E+00   0.11611974E-02   0.10000000E+03   0.30000000E+03   0.41594994E+07   0.80000000E+01  -0.27778000E+04   0.27778000E+04
  0.43319680E+00   0.11611974E-02   0.10000000E+03   0.30000000E+03   0.41594994E+07   0.80000000E+01  -0.27778000E+04   0.27778000E+04
  0.43334680E+00   0.11611974E-02   0.10000000E+03   0.30000000E+03   0.41594994E+07   0.80000000E+01  -0.27778000E+04   0.27778000E+04
  0.43349680E+00   0.11611974E-02   0.10000000E+03   0.30000000E+03   0.41594994E+07   0.80000000E+01  -0.27778000E+04   0.27778000E+04
  0.43364680E+00   0.11611974E-02   0.10000000E+03   0.30000000E+03   0.41594994E+07   0.80000000E+01  -0.27778000E+04   0.27778000E+04
  0.43379680E+00   0.11611974E-02   0.10000000E+03   0.30000000E+03   0.41594994E+07   0.80000000E+01  -0.27778000E+04   0.27778000E+04
  0.43394680E+00   0.11611974E-02   0.10000000E+03   0.30000000E+03   0.41594994E+07   0.80000000E+01  -0.27778000E+04   0.27778000E+04
  0.43409680E+00   0.11611974E-02   0.10000000E+03   0.30000000E+03   0.41594994E+07   0.80000000E+01  -0.27778000E+04   0.27778000E+04
  0.43424680E+00   0.11611974E-02   0.10000000E+03   0.30000000E+03   0.41594994E+07   0.80000000E+01  -0.27778000E+04   0.27778000E+04
  0.43439680E+00   0.11611974E-02   0.10000000E+03   0.30000000E+03   0.41594994E+07   0.80000000E+01  -0.27778000E+04   0.27778000E+04
  0.43454680E+00   0.11611974E-02   0.10000000E+03   0.30000000E+03   0.41594994E+07   0.80000000E+01  -0.27778000E+04   0.27778000E+04
  0.43469680E+00   0.11611974E-02   0.10000000E+03   0.30000000E+03   0.41594994E+07   0.80000000E+01  -0.27778000E+04   0.27778000E+04
  0.43484680E+00   0.11611974E-02   0.10000000E+03   0.30000000E+03   0.41594994E+07   0.80000000E+01  -0.27778000E+04   0.27778000E+04
  0.43499680E+00   0.11611974E-02   0.10000000E+03   0.30000000E+03   0.41594994E+07   0.80000000E+01  -0.27778000E+04   0.27778000E+04
  0.43514680E+00   0.11611974E-02   0.10000000E+03   0.30000000E+03   0.41594994E+07   0.80000000E+01  -0.27778000E+04   0.27778000E+04
  0.43529680E+00   0.11611974E-02   0.10000000E+03   0.30000000E+03   0.41594994E+07   0.80000000E+01  -0.27778000E+04   0.27778000E+04
  0.43544680E+00   0.11611974E-02   0.10000000E+03   0.30000000E+03   0.41594994E+07   0.80000000E+01  -0.27778000E+04   0.27778000E+04
  0.43559680E+00   0.11611974E-02   0.10000000E+03   0.30000000E+03   0.41594994E+07   0.80000000E+01  -0.27778000E+04   0.27778000E+04
  0.43574680E+00   0.11611974E-02   0.10000000E+03   0.30000000E+03   0.41594994E+07   0.80000000E+01  -0.27778000E+04   0.27778000E+04
  0.43589680E+00   0.11611974E-02   0.10000000E+03   0.30000000E+03   0.41594994E+07   0.80000000E+01  -0.27778000E+04   0.27778000E+04
  0.43604680E+00   0.11611974E-02   0.10000000E+03   0.30000000E+03   0.41594994E+07   0.80000000E+01  -0.27778000E+04   0.27778000E+04
  0.43619680E+00   0.11611974E-02   0.10000000E+03   0.30000000E+03   0.41594994E+07   0.80000000E+01  -0.27778000E+04   0.27778000E+04
  0.43634680E+00   0.11611974E-02   0.10000000E+03   0.30000000E+03   0.41594994E+07   0.80000000E+01  -0.27778000E+04   0.27778000E+04
  0.43649680E+00   0.11611974E-02   0.10000000E+03   0.30000000E+03   0.41594994E+07   0.80000000E+01  -0.27778000E+04   0.27778000E+04
  0.43664680E+00   0.11611974E-02   0.10000000E+03   0.30000000E+03   0.41594994E+07   0.80000000E+01  -0.27778000E+04   0.27778000E+04
  0.43679680E+00   0.11611974E-02   0.10000000E+03   0.30000000E+03   0.41594994E+07   0.80000000E+01  -0.27778000E+04   0.27778000E+04
  0.43694680E+00   0.11611974E-02   0.10000000E+03   0.30000000E+03   0.41594994E+07   0.80000000E+01  -0.27778000E+04   0.27778000E+04
  0.43709680E+00   0.11611974E-02   0.10000000E+03   0.30000000E+03   0.41594994E+07   0.80000000E+01  -0.27778000E+04   0.27778000E+04
  0.43724680E+00   0.11611974E-02   0.10000000E+03   0.30000000E+03   0.41594994E+07   0.80000000E+01  -0.27778000E+04   0.27778000E+04
  0.43739680E+00   0.11611974E-02   0.10000000E+03   0.30000000E+03   0.41594994E+07   0.80000000E+01  -0.27778000E+04   0.27778000E+04
  0.43754680E+00   0.11611974E-02   0.10000000E+03   0.30000000E+03   0.41594994E+07   0.80000000E+01  -0.27778000E+04   0.27778000E+04
  0.43769680E+00   0.11611974E-02   0.10000000E+03   0.30000000E+03   0.41594994E+07   0.80000000E+01  -0.27778000E+04   0.27778000E+04
  0.43784680E+00   0.11611974E-02   0.10000000E+03   0.30000000E+03   0.41594994E+07   0.80000000E+01  -0.27778000E+04   0.27778000E+04
  0.43799680E+00   0.11611974E-02   0.10000000E+03   0.30000000E+03   0.41594994E+07   0.80000000E+01  -0.27778000E+04   0.27778000E+04
  0.43814680E+00   0.11611974E-02   0.10000000E+03   0.30000000E+03   0.41594994E+07   0.80000000E+01  -0.27778000E+04   0.27778000E+04
  0.43829680E+00   0.11611974E-02   0.10000000E+03   0.30000000E+03   0.41594994E+07   0.80000000E+01  -0.27778000E+04   0.27778000E+04
  0.43844680E+00   0.11611974E-02   0.10000000E+03   0.30000000E+03   0.41594994E+07   0.80000000E+01  -0.27778000E+04   0.27778000E+04
  0.43859680E+00   0.11611974E-02   0.10000000E+03   0.30000000E+03   0.41594994E+07   0.80000000E+01  -0.27778000E+04   0.27778000E+04
  0.43874680E+00   0.11611974E-02   0.10000000E+03   0.30000000E+03   0.41594994E+07   0.80000000E+01  -0.27778000E+04   0.27778000E+04
  0.43889680E+00   0.11611974E-02   0.10000000E+03   0.30000000E+03   0.41594994E+07   0.80000000E+01  -0.27778000E+04   0.27778000E+04
  0.43904680E+00   0.11611974E-02   0.10000000E+03   0.30000000E+03   0.41594994E+07   0.80000000E+01  -0.27778000E+04   0.27778000E+04
  0.43919680E+00   0.11611974E-02   0.10000000E+03   0.30000000E+03   0.41594994E+07   0.80000000E+01  -0.27778000E+04   0.27778000E+04
  0.43934680E+00   0.11611974E-02   0.10000000E+03   0.30000000E+03   0.41594994E+07   0.80000000E+01  -0.27778000E+04   0.27778000E+04
  0.43949680E+00   0.11611974E-02   0.10000000E+03   0.30000000E+03   0.41594994E+07   0.80000000E+01  -0.27778000E+04   0.27778000E+04
  0.43964680E+00   0.11611974E-02   0.10000000E+03   0.30000000E+03   0.41594994E+07   0.80000000E+01  -0.27778000E+04   0.27778000E+04
  0.43979680E+00   0.11611974E-02   0.10000000E+03   0.30000000E+03   0.41594994E+07   0.80000000E+01  -0.27778000E+04   0.27778000E+04
  0.43994680E+00   0.11611974E-02   0.10000000E+03   0.30000000E+03   0.41594994E+07   0.80000000E+01  -0.27778000E+04   0.27778000E+04
  0.44009680E+00   0.11611974E-02   0.10000000E+03   0.30000000E+03   0.41594994E+07   0.80000000E+01  -0.27778000E+04   0.27778000E+04
  0.44024680E+00   0.11611974E-02   0.10000000E+03   0.30000000E+03   0.41594994E+07   0.80000000E+01  -0.27778000E+04   0.27778000E+04
  0.44039680E+00   0.11611974E-02   0.10000000E+03   0.30000000E+03   0.41594994E+07   0.80000000E+01  -0.27778000E+04   0.27778000E+04
  0.44054680E+00   0.11611974E-02   0.10000000E+03   0.30000000E+03   0.41594994E+07   0.80000000E+01  -0.27778000E+04   0.27778000E+04
  0.44069680E+00   0.11611974E-02   0.10000000E+03   0.30000000E+03   0.41594994E+07   0.80000000E+01  -0.27778000E+04   0.27778000E+04
  0.44084680E+00   0.11611974E-02   0.10000000E+03   0.30000000E+03   0.41594994E+07   0.80000000E+01  -0.27778000E+04   0.27778000E+04
  0.44099680E+00   0.11611974E-02   0.10000000E+03   0.30000000E+03   0.41594994E+07   0.80000000E+01  -0.27778000E+04   0.27778000E+04
  0.44114680E+00   0.11611974E-02   0.10000000E+03   0.30000000E+03   0.41594994E+07   0.80000000E+01  -0.27778000E+04   0.27778000E+04
  0.44129680E+00   0.11611974E-02   0.10000000E+03   0.30000000E+03   0.41594994E+07   0.80000000E+01  -0.27778000E+04   0.27778000E+04
  0.44144680E+00   0.11611974E-02   0.10000000E+03   0.30000000E+03   0.41594994E+07   0.80000000E+01  -0.27778000E+04   0.27778000E+04
  0.44159680E+00   0.11611974E-02   0.10000000E+03   0.30000000E+03   0.41594994E+07   0.80000000E+01  -0.27778000E+04   0.27778000E+04
  0.44174680E+00   0.11611974E-02   0.10000000E+03   0.30000000E+03   0.41594994E+07   0.80000000E+01  -0.27778000E+04   0.27778000E+04
  0.44189680E+00   0.11611974E-02   0.10000000E+03   0.30000000E+03   0.41594994E+07   0.80000000E+01  -0.27778000E+04   0.27778000E+04
  0.44204680E+00   0.11611974E-02   0.10000000E+03   0.30000000E+03   0.41594994E+07   0.80000000E+01  -0.27778000E+04   0.27778000E+04
  0.44219680E+00   0.11611974E-02   0.10000000E+03   0.30000000E+03   0.41594994E+07   0.80000000E+01  -0.27778000E+04   0.27778000E+04
  0.44234680E+00   0.11611974E-02   0.10000000E+03   0.30000000E+03   0.41594994E+07   0.80000000E+01  -0.27778000E+04   0.27778000E+04
  0.44249680E+00   0.11611974E-02   0.10000000E+03   0.30000000E+03   0.41594994E+07   0.80000000E+01  -0.27778000E+04   0.27778000E+04
  0.44264680E+00   0.11611974E-02   0.10000000E+03   0.30000000E+03   0.41594994E+07   0.80000000E+01  -0.27778000E+04   0.27778000E+04
  0.44279680E+00   0.11611974E-02   0.10000000E+03   0.30000000E+03   0.41594994E+07   0.80000000E+01  -0.27778000E+04   0.27778000E+04
  0.44294680E+00   0.11611974E-02   0.10000000E+03   0.30000000E+03   0.41594994E+07   0.80000000E+01  -0.27778000E+04   0.27778000E+04
  0.44309680E+00   0.11611974E-02   0.10000000E+03   0.30000000E+03   0.41594994E+07   0.80000000E+01  -0.27778000E+04   0.27778000E+04
  0.44324680E+00   0.11611974E-02   0.10000000E+03   0.30000000E+03   0.41594994E+07   0.80000000E+01  -0.27778000E+04   0.27778000E+04
  0.44339680E+00   0.11611974E-02   0.10000000E+03   0.30000000E+03   0.41594994E+07   0.80000000E+01  -0.27778000E+04   0.27778000E+04
  0.44354680E+00   0.11611974E-02   0.10000000E+03   0.30000000E+03   0.41594994E+07   0.80000000E+01  -0.27778000E+04   0.27778000E+04
  0.44369680E+00   0.11611974E-02   0.10000000E+03   0.30000000E+03   0.41594994E+07   0.80000000E+01  -0.27778000E+04   0.27778000E+04
  0.44384680E+00   0.11611974E-02   0.10000000E+03   0.30000000E+03   0.41594994E+07   0.80000000E+01  -0.27778000E+04   0.27778000E+04
  0.44399680E+00   0.11611974E-02   0.10000000E+03   0.30000000E+03   0.41594994E+07   0.80000000E+01  -0.27778000E+04   0.27778000E+04
  0.44414680E+00   0.11611974E-02   0.10000000E+03   0.30000000E+03   0.41594994E+07   0.80000000E+01  -0.27778000E+04   0.27778000E+04
  0.44429680E+00   0.11611974E-02   0.10000000E+03   0.30000000E+03   0.41594994E+07   0.80000000E+01  -0.27778000E+04   0.27778000E+04
  0.44444680E+00   0.11611974E-02   0.10000000E+03   0.30000000E+03   0.41594994E+07   0.80000000E+01  -0.27778000E+04   0.27778000E+04
  0.44459680E+00   0.11611974E-02   0.10000000E+03   0.30000000E+03   0.41594994E+07   0.80000000E+01  -0.27778000E+04   0.27778000E+04
  0.44474680E+00   0.11611974E-02   0.10000000E+03   0.30000000E+03   0.41594994E+07   0.80000000E+01  -0.27778000E+04   0.27778000E+04
  0.44489680E+00   0.11611974E-02   0.10000000E+03   0.30000000E+03   0.41594994E+07   0.80000000E+01  -0.27778000E+04   0.27778000E+04
  0.44504680E+00   0.11611974E-02   0.10000000E+03   0.30000000E+03   0.41594994E+07   0.80000000E+01  -0.27778000E+04   0.27778000E+04
  0.44519680E+00   0.11611974E-02   0.10000000E+03   0.30000000E+03   0.41594994E+07   0.80000000E+01  -0.27778000E+04   0.27778000E+04
  0.44534680E+00   0.11611974E-02   0.10000000E+03   0.30000000E+03   0.41594994E+07   0.80000000E+01  -0.27778000E+04   0.27778000E+04
  0.44549680E+00   0.11611974E-02   0.10000000E+03   0.30000000E+03   0.41594994E+07   0.80000000E+01  -0.27778000E+04   0.27778000E+04
  0.44564680E+00   0.11611974E-02   0.10000000E+03   0.30000000E+03   0.41594994E+07   0.80000000E+01  -0.27778000E+04   0.27778000E+04
  0.44579680E+00   0.11611974E-02   0.10000000E+03   0.30000000E+03   0.41594994E+07   0.80000000E+01  -0.27778000E+04   0.27778000E+04
  0.44594680E+00   0.11611974E-02   0.10000000E+03   0.30000000E+03   0.41594994E+07   0.80000000E+01  -0.27778000E+04   0.27778000E+04
  0.44609680E+00   0.11611974E-02   0.10000000E+03   0.30000000E+03   0.41594994E+07   0.80000000E+01  -0.27778000E+04   0.27778000E+04
  0.44624680E+00   0.11611974E-02   0.10000000E+03   0.30000000E+03   0.41594994E+07   0.80000000E+01  -0.27778000E+04   0.27778000E+04
  0.44639680E+00   0.11611974E-02   0.10000000E+03   0.30000000E+03   0.41594994E+07   0.80000000E+01  -0.27778000E+04   0.27778000E+04
  0.44654680E+00   0.11611974E-02   0.10000000E+03   0.30000000E+03   0.41594994E+07   0.80000000E+01  -0.27778000E+04   0.27778000E+04
  0.44669680E+00   0.11611974E-02   0.10000000E+03   0.30000000E+03   0.41594994E+07   0.80000000E+01  -0.27778000E+04   0.27778000E+04
  0.44684680E+00   0.11611974E-02   0.10000000E+03   0.30000000E+03   0.41594994E+07   0.80000000E+01  -0.27778000E+04   0.27778000E+04
  0.44699680E+00   0.11611974E-02   0.10000000E+03   0.30000000E+03   0.41594994E+07   0.80000000E+01  -0.27778000E+04   0.27778000E+04
  0.44714680E+00   0.11611974E-02   0.10000000E+03   0.30000000E+03   0.41594994E+07   0.80000000E+01  -0.27778000E+04   0.27778000E+04
  0.44729680E+00   0.11611974E-02   0.10000000E+03   0.30000000E+03   0.41594994E+07   0.80000000E+01  -0.27778000E+04   0.27778000E+04
  0.44744680E+00   0.11611974E-02   0.10000000E+03   0.30000000E+03   0.41594994E+07   0.80000000E+01  -0.27778000E+04   0.27778000E+04
  0.44759680E+00   0.11611974E-02   0.10000000E+03   0.30000000E+03   0.41594994E+07   0.80000000E+01  -0.27778000E+04   0.27778000E+04
  0.44774680E+00   0.11611974E-02   0.10000000E+03   0.30000000E+03   0.41594994E+07   0.80000000E+01  -0.27778000E+04   0.27778000E+04
  0.44789680E+00   0.11611974E-02   0.10000000E+03   0.30000000E+03   0.41594994E+07   0.80000000E+01  -0.27778000E+04   0.27778000E+04
  0.44804680E+00   0.11611974E-02   0.10000000E+03   0.30000000E+03   0.41594994E+07   0.80000000E+01  -0.27778000E+04   0.27778000E+04
  0.44819680E+00   0.11611974E-02   0.10000000E+03   0.30000000E+03   0.41594994E+07   0.80000000E+01  -0.27778000E+04   0.27778000E+04
  0.44834680E+00   0.11611974E-02   0.10000000E+03   0.30000000E+03   0.41594994E+07   0.80000000E+01  -0.27778000E+04   0.27778000E+04
  0.44849680E+00   0.11611974E-02   0.10000000E+03   0.30000000E+03   0.41594994E+07   0.80000000E+01  -0.27778000E+04   0.27778000E+04
  0.44864680E+00   0.11611974E-02   0.10000000E+03   0.30000000E+03   0.41594994E+07   0.80000000E+01  -0.27778000E+04   0.27778000E+04
  0.44879680E+00   0.11611974E-02   0.10000000E+03   0.30000000E+03   0.41594994E+07   0.80000000E+01  -0.27778000E+04   0.27778000E+04
  0.44894680E+00   0.11611974E-02   0.10000000E+03   0.30000000E+03   0.41594994E+07   0.80000000E+01  -0.27778000E+04   0.27778000E+04
  0.44909680E+00   0.11611974E-02   0.10000000E+03   0.30000000E+03   0.41594994E+07   0.80000000E+01  -0.27778000E+04   0.27778000E+04
  0.44924680E+00   0.11611974E-02   0.10000000E+03   0.30000000E+03   0.41594994E+07   0.80000000E+01  -0.27778000E+04   0.27778000E+04
  0.44939680E+00   0.11611974E-02   0.10000000E+03   0.30000000E+03   0.41594994E+07   0.80000000E+01  -0.27778000E+04   0.27778000E+04
  0.44954680E+00   0.11611974E-02   0.10000000E+03   0.30000000E+03   0.41594994E+07   0.80000000E+01  -0.27778000E+04   0.27778000E+04
  0.44969680E+00   0.11611974E-02   0.10000000E+03   0.30000000E+03   0.41594994E+07   0.80000000E+01  -0.27778000E+04   0.27778000E+04
  0.44984680E+00   0.11611974E-02   0.10000000E+03   0.30000000E+03   0.41594994E+07   0.80000000E+01  -0.27778000E+04   0.27778000E+04
  0.44999680E+00   0.11611974E-02   0.10000000E+03   0.30000000E+03   0.41594994E+07   0.80000000E+01  -0.27778000E+04   0.27778000E+04
  0.45014680E+00   0.11611974E-02   0.10000000E+03   0.30000000E+03   0.41594994E+07   0.80000000E+01  -0.27778000E+04   0.27778000E+04
  0.45029680E+00   0.11611974E-02   0.10000000E+03   0.30000000E+03   0.41594994E+07   0.80000000E+01  -0.27778000E+04   0.27778000E+04
  0.45044680E+00   0.11611974E-02   0.10000000E+03   0.30000000E+03   0.41594994E+07   0.80000000E+01  -0.27778000E+04   0.27778000E+04
  0.45059680E+00   0.11611974E-02   0.10000000E+03   0.30000000E+03   0.41594994E+07   0.80000000E+01  -0.27778000E+04   0.27778000E+04
  0.45074680E+00   0.11611974E-02   0.10000000E+03   0.30000000E+03   0.41594994E+07   0.80000000E+01  -0.27778000E+04   0.27778000E+04
  0.45089680E+00   0.11611974E-02   0.10000000E+03   0.30000000E+03   0.41594994E+07   0.80000000E+01  -0.27778000E+04   0.27778000E+04
  0.45104680E+00   0.11611974E-02   0.10000000E+03   0.30000000E+03   0.41594994E+07   0.80000000E+01  -0.27778000E+04   0.27778000E+04
  0.45119680E+00   0.11611974E-02   0.10000000E+03   0.30000000E+03   0.41594994E+07   0.80000000E+01  -0.27778000E+04   0.27778000E+04
  0.45134680E+00   0.11611974E-02   0.10000000E+03   0.30000000E+03   0.41594994E+07   0.80000000E+01  -0.27778000E+04   0.27778000E+04
  0.45149680E+00   0.11611974E-02   0.10000000E+03   0.30000000E+03   0.41594994E+07   0.80000000E+01  -0.27778000E+04   0.27778000E+04
  0.45164680E+00   0.11611974E-02   0.10000000E+03   0.30000000E+03   0.41594994E+07   0.80000000E+01  -0.27778000E+04   0.27778000E+04
  0.45179680E+00   0.11611974E-02   0.10000000E+03   0.30000000E+03   0.41594994E+07   0.80000000E+01  -0.27778000E+04   0.27778000E+04
  0.45194680E+00   0.11611974E-02   0.10000000E+03   0.30000000E+03   0.41594994E+07   0.80000000E+01  -0.27778000E+04   0.27778000E+04
  0.45209680E+00   0.11611974E-02   0.10000000E+03   0.30000000E+03   0.41594994E+07   0.80000000E+01  -0.27778000E+04   0.27778000E+04
  0.45224680E+00   0.11611974E-02   0.10000000E+03   0.30000000E+03   0.41594994E+07   0.80000000E+01  -0.27778000E+04   0.27778000E+04
  0.45239680E+00   0.11611974E-02   0.10000000E+03   0.30000000E+03   0.41594994E+07   0.80000000E+01  -0.27778000E+04   0.27778000E+04
  0.45254680E+00   0.11611974E-02   0.10000000E+03   0.30000000E+03   0.41594994E+07   0.80000000E+01  -0.27778000E+04   0.27778000E+04
  0.45269680E+00   0.11611974E-02   0.10000000E+03   0.30000000E+03   0.41594994E+07   0.80000000E+01  -0.27778000E+04   0.27778000E+04
  0.45284680E+00   0.11611974E-02   0.10000000E+03   0.30000000E+03   0.41594994E+07   0.80000000E+01  -0.27778000E+04   0.27778000E+04
  0.45299680E+00   0.11611974E-02   0.10000000E+03   0.30000000E+03   0.41594994E+07   0.80000000E+01  -0.27778000E+04   0.27778000E+04
  0.45314680E+00   0.11611974E-02   0.10000000E+03   0.30000000E+03   0.41594994E+07   0.80000000E+01  -0.27778000E+04   0.27778000E+04
  0.45329680E+00   0.11611974E-02   0.10000000E+03   0.30000000E+03   0.41594994E+07   0.80000000E+01  -0.27778000E+04   0.27778000E+04
  0.45344680E+00   0.11611974E-02   0.10000000E+03   0.30000000E+03   0.41594994E+07   0.80000000E+01  -0.27778000E+04   0.27778000E+04
  0.45359680E+00   0.11611974E-02   0.10000000E+03   0.30000000E+03   0.41594994E+07   0.80000000E+01  -0.27778000E+04   0.27778000E+04
  0.45374680E+00   0.11611974E-02   0.10000000E+03   0.30000000E+03   0.41594994E+07   0.80000000E+01  -0.27778000E+04   0.27778000E+04
  0.45389680E+00   0.11611974E-02   0.10000000E+03   0.30000000E+03   0.41594994E+07   0.80000000E+01  -0.27778000E+04   0.27778000E+04
  0.45404680E+00   0.11611974E-02   0.10000000E+03   0.30000000E+03   0.41594994E+07   0.80000000E+01  -0.27778000E+04   0.27778000E+04
  0.45419680E+00   0.11611974E-02   0.10000000E+03   0.30000000E+03   0.41594994E+07   0.80000000E+01  -0.27778000E+04   0.27778000E+04
  0.45434680E+00   0.11611974E-02   0.10000000E+03   0.30000000E+03   0.41594994E+07   0.80000000E+01  -0.27778000E+04   0.27778000E+04
  0.45449680E+00   0.11611974E-02   0.10000000E+03   0.30000000E+03   0.41594994E+07   0.80000000E+01  -0.27778000E+04   0.27778000E+04
  0.45464680E+00   0.11611974E-02   0.10000000E+03   0.30000000E+03   0.41594994E+07   0.80000000E+01  -0.27778000E+04   0.27778000E+04
  0.45479680E+00   0.11611974E-02   0.10000000E+03   0.30000000E+03   0.41594994E+07   0.80000000E+01  -0.27778000E+04   0.27778000E+04
  0.45494680E+00   0.11611974E-02   0.10000000E+03   0.30000000E+03   0.41594994E+07   0.80000000E+01  -0.27778000E+04   0.27778000E+04
  0.45509680E+00   0.11611974E-02   0.10000000E+03   0.30000000E+03   0.41594994E+07   0.80000000E+01  -0.27778000E+04   0.27778000E+04
  0.45524680E+00   0.11611974E-02   0.10000000E+03   0.30000000E+03   0.41594994E+07   0.80000000E+01  -0.27778000E+04   0.27778000E+04
  0.45539680E+00   0.11611974E-02   0.10000000E+03   0.30000000E+03   0.41594994E+07   0.80000000E+01  -0.27778000E+04   0.27778000E+04
  0.45554680E+00   0.11611974E-02   0.10000000E+03   0.30000000E+03   0.41594994E+07   0.80000000E+01  -0.27778000E+04   0.27778000E+04
  0.45569680E+00   0.11611974E-02   0.10000000E+03   0.30000000E+03   0.41594994E+07   0.80000000E+01  -0.27778000E+04   0.27778000E+04
  0.45584680E+00   0.11611974E-02   0.10000000E+03   0.30000000E+03   0.41594994E+07   0.80000000E+01  -0.27778000E+04   0.27778000E+04
  0.45599680E+00   0.11611974E-02   0.10000000E+03   0.30000000E+03   0.41594994E+07   0.80000000E+01  -0.27778000E+04   0.27778000E+04
  0.45614680E+00   0.11611974E-02   0.10000000E+03   0.30000000E+03   0.41594994E+07   0.80000000E+01  -0.27778000E+04   0.27778000E+04
  0.45629680E+00   0.11611974E-02   0.10000000E+03   0.30000000E+03   0.41594994E+07   0.80000000E+01  -0.27778000E+04   0.27778000E+04
  0.45644680E+00   0.11611974E-02   0.10000000E+03   0.30000000E+03   0.41594994E+07   0.80000000E+01  -0.27778000E+04   0.27778000E+04
  0.45659680E+00   0.11611974E-02   0.10000000E+03   0.30000000E+03   0.41594994E+07   0.80000000E+01  -0.27778000E+04   0.27778000E+04
  0.45674680E+00   0.11611974E-02   0.10000000E+03   0.30000000E+03   0.41594994E+07   0.80000000E+01  -0.27778000E+04   0.27778000E+04
  0.45689680E+00   0.11611974E-02   0.10000000E+03   0.30000000E+03   0.41594994E+07   0.80000000E+01  -0.27778000E+04   0.27778000E+04
  0.45704680E+00   0.11611974E-02   0.10000000E+03   0.30000000E+03   0.41594994E+07   0.80000000E+01  -0.27778000E+04   0.27778000E+04
  0.45719680E+00   0.11611974E-02   0.10000000E+03   0.30000000E+03   0.41594994E+07   0.80000000E+01  -0.27778000E+04   0.27778000E+04
  0.45734680E+00   0.11611974E-02   0.10000000E+03   0.30000000E+03   0.41594994E+07   0.80000000E+01  -0.27778000E+04   0.27778000E+04
  0.45749680E+00   0.11611974E-02   0.10000000E+03   0.30000000E+03   0.41594994E+07   0.80000000E+01  -0.27778000E+04   0.27778000E+04
  0.45764680E+00   0.11611974E-02   0.10000000E+03   0.30000000E+03   0.41594994E+07   0.80000000E+01  -0.27778000E+04   0.27778000E+04
  0.45779680E+00   0.11611974E-02   0.10000000E+03   0.30000000E+03   0.41594994E+07   0.80000000E+01  -0.27778000E+04   0.27778000E+04
  0.45794680E+00   0.11611974E-02   0.10000000E+03   0.30000000E+03   0.41594994E+07   0.80000000E+01  -0.27778000E+04   0.27778000E+04
  0.45809680E+00   0.11611974E-02   0.10000000E+03   0.30000000E+03   0.41594994E+07   0.80000000E+01  -0.27778000E+04   0.27778000E+04
  0.45824680E+00   0.11611974E-02   0.10000000E+03   0.30000000E+03   0.41594994E+07   0.80000000E+01  -0.27778000E+04   0.27778000E+04
  0.45839680E+00   0.11611974E-02   0.10000000E+03   0.30000000E+03   0.41594994E+07   0.80000000E+01  -0.27778000E+04   0.27778000E+04
  0.45854680E+00   0.11611974E-02   0.10000000E+03   0.30000000E+03   0.41594994E+07   0.80000000E+01  -0.27778000E+04   0.27778000E+04
  0.45869680E+00   0.11611974E-02   0.10000000E+03   0.30000000E+03   0.41594994E+07   0.80000000E+01  -0.27778000E+04   0.27778000E+04
  0.45884680E+00   0.11611974E-02   0.10000000E+03   0.30000000E+03   0.41594994E+07   0.80000000E+01  -0.27778000E+04   0.27778000E+04
  0.45899680E+00   0.11611974E-02   0.10000000E+03   0.30000000E+03   0.41594994E+07   0.80000000E+01  -0.27778000E+04   0.27778000E+04
  0.45914680E+00   0.11611974E-02   0.10000000E+03   0.30000000E+03   0.41594994E+07   0.80000000E+01  -0.27778000E+04   0.27778000E+04
  0.45929680E+00   0.11611974E-02   0.10000000E+03   0.30000000E+03   0.41594994E+07   0.80000000E+01  -0.27778000E+04   0.27778000E+04
  0.45944680E+00   0.11611974E-02   0.10000000E+03   0.30000000E+03   0.41594994E+07   0.80000000E+01  -0.27778000E+04   0.27778000E+04
  0.45959680E+00   0.11611974E-02   0.10000000E+03   0.30000000E+03   0.41594994E+07   0.80000000E+01  -0.27778000E+04   0.27778000E+04
  0.45974680E+00   0.11611974E-02   0.10000000E+03   0.30000000E+03   0.41594994E+07   0.80000000E+01  -0.27778000E+04   0.27778000E+04
  0.45989680E+00   0.11611974E-02   0.10000000E+03   0.30000000E+03   0.41594994E+07   0.80000000E+01  -0.27778000E+04   0.27778000E+04
  0.46004680E+00   0.11611974E-02   0.10000000E+03   0.30000000E+03   0.41594994E+07   0.80000000E+01  -0.27778000E+04   0.27778000E+04
