/*--------------------------------*- C++ -*----------------------------------*\
  =========                 |
  \\      /  F ield         | OpenFOAM: The Open Source CFD Toolbox
   \\    /   O peration     | Website:  https://openfoam.org
    \\  /    A nd           | Version:  7
     \\/     M anipulation  |
\*---------------------------------------------------------------------------*/
FoamFile
{
    version     2.0;
    format      ascii;
    class       volScalarField;
    location    "0.02/porousMat";
    object      Ta;
}
// * * * * * * * * * * * * * * * * * * * * * * * * * * * * * * * * * * * * * //

dimensions      [0 0 0 1 0 0 0];

internalField   nonuniform List<scalar> 
5000
(
302.124
302.12
302.12
302.118
302.117
302.116
302.115
302.114
302.113
302.112
302.112
302.112
302.114
302.117
302.122
302.129
302.137
302.145
302.152
302.155
302.15
302.134
302.102
302.055
301.997
301.928
301.85
301.766
301.678
301.587
301.494
301.4
301.306
301.212
301.12
301.029
300.937
300.843
300.747
300.648
300.544
300.434
300.318
300.195
300.067
299.936
299.804
299.674
299.547
299.426
301.62
301.617
301.617
301.616
301.615
301.615
301.615
301.614
301.615
301.615
301.617
301.619
301.623
301.628
301.635
301.644
301.655
301.666
301.676
301.683
301.683
301.671
301.645
301.605
301.553
301.491
301.421
301.345
301.266
301.183
301.1
301.016
300.932
300.85
300.769
300.689
300.609
300.527
300.444
300.357
300.266
300.17
300.067
299.957
299.843
299.725
299.607
299.49
299.376
299.267
301.135
301.132
301.132
301.132
301.132
301.132
301.133
301.133
301.134
301.136
301.139
301.143
301.148
301.154
301.163
301.174
301.186
301.199
301.212
301.222
301.224
301.217
301.196
301.162
301.117
301.062
301
300.932
300.861
300.788
300.714
300.639
300.566
300.494
300.424
300.355
300.285
300.215
300.143
300.069
299.991
299.907
299.816
299.72
299.619
299.515
299.409
299.305
299.204
299.108
300.674
300.671
300.671
300.672
300.672
300.673
300.673
300.675
300.677
300.679
300.683
300.687
300.693
300.701
300.71
300.722
300.735
300.75
300.764
300.775
300.78
300.776
300.76
300.731
300.692
300.645
300.59
300.53
300.468
300.403
300.339
300.274
300.21
300.148
300.088
300.029
299.97
299.911
299.85
299.787
299.72
299.648
299.57
299.486
299.398
299.307
299.215
299.124
299.035
298.951
300.241
300.238
300.239
300.24
300.24
300.241
300.242
300.244
300.246
300.249
300.253
300.258
300.265
300.273
300.282
300.294
300.308
300.323
300.338
300.35
300.356
300.355
300.342
300.318
300.286
300.245
300.197
300.146
300.092
300.036
299.98
299.925
299.871
299.818
299.767
299.718
299.668
299.618
299.568
299.515
299.459
299.398
299.332
299.26
299.184
299.106
299.027
298.948
298.871
298.799
299.842
299.84
299.84
299.841
299.842
299.843
299.844
299.846
299.848
299.852
299.856
299.861
299.867
299.875
299.885
299.897
299.91
299.924
299.939
299.951
299.959
299.959
299.949
299.93
299.903
299.868
299.828
299.784
299.738
299.691
299.644
299.598
299.552
299.508
299.466
299.425
299.384
299.344
299.302
299.259
299.212
299.161
299.106
299.046
298.982
298.916
298.849
298.782
298.717
298.657
299.481
299.479
299.48
299.481
299.482
299.483
299.484
299.486
299.489
299.492
299.496
299.501
299.507
299.515
299.524
299.534
299.547
299.56
299.574
299.585
299.593
299.594
299.587
299.572
299.55
299.522
299.488
299.452
299.414
299.375
299.336
299.297
299.26
299.224
299.189
299.156
299.124
299.091
299.057
299.022
298.984
298.943
298.898
298.848
298.795
298.74
298.685
298.63
298.576
298.526
299.163
299.162
299.162
299.163
299.164
299.165
299.166
299.168
299.17
299.173
299.177
299.182
299.187
299.194
299.202
299.212
299.223
299.235
299.247
299.258
299.265
299.267
299.262
299.251
299.233
299.21
299.183
299.153
299.122
299.091
299.059
299.028
298.998
298.969
298.942
298.916
298.89
298.864
298.837
298.81
298.78
298.747
298.71
298.67
298.627
298.583
298.538
298.494
298.45
298.41
298.89
298.889
298.889
298.89
298.891
298.891
298.893
298.894
298.897
298.899
298.903
298.907
298.912
298.917
298.925
298.933
298.942
298.953
298.963
298.972
298.979
298.981
298.978
298.969
298.955
298.937
298.916
298.892
298.868
298.843
298.818
298.793
298.77
298.747
298.726
298.706
298.686
298.666
298.646
298.624
298.601
298.575
298.547
298.515
298.481
298.446
298.411
298.376
298.342
298.31
298.662
298.661
298.661
298.662
298.663
298.663
298.664
298.666
298.668
298.67
298.673
298.676
298.68
298.685
298.691
298.698
298.706
298.714
298.723
298.731
298.736
298.739
298.736
298.73
298.72
298.706
298.689
298.671
298.652
298.633
298.614
298.595
298.577
298.56
298.544
298.529
298.514
298.499
298.484
298.467
298.45
298.43
298.408
298.384
298.358
298.331
298.304
298.277
298.251
298.228
298.477
298.476
298.477
298.477
298.478
298.478
298.479
298.481
298.482
298.484
298.486
298.489
298.492
298.496
298.501
298.506
298.513
298.519
298.526
298.532
298.537
298.539
298.538
298.533
298.526
298.515
298.503
298.49
298.475
298.461
298.447
298.433
298.42
298.407
298.395
298.384
298.373
298.362
298.351
298.339
298.326
298.312
298.295
298.278
298.258
298.238
298.218
298.198
298.179
298.161
298.333
298.332
298.333
298.333
298.334
298.334
298.335
298.336
298.337
298.338
298.34
298.342
298.345
298.348
298.351
298.355
298.36
298.365
298.371
298.375
298.379
298.381
298.38
298.377
298.371
298.364
298.355
298.345
298.335
298.325
298.315
298.305
298.295
298.286
298.278
298.27
298.262
298.254
298.246
298.238
298.229
298.218
298.207
298.194
298.18
298.165
298.151
298.136
298.123
298.11
298.224
298.224
298.224
298.224
298.225
298.225
298.226
298.226
298.227
298.228
298.23
298.231
298.233
298.235
298.238
298.241
298.244
298.248
298.252
298.256
298.258
298.26
298.259
298.257
298.253
298.248
298.242
298.235
298.228
298.221
298.214
298.207
298.2
298.194
298.188
298.183
298.178
298.172
298.167
298.161
298.155
298.147
298.139
298.13
298.121
298.111
298.1
298.091
298.081
298.073
298.145
298.145
298.145
298.146
298.146
298.146
298.146
298.147
298.148
298.148
298.149
298.15
298.152
298.153
298.155
298.157
298.16
298.162
298.165
298.168
298.17
298.171
298.17
298.169
298.167
298.163
298.159
298.154
298.15
298.145
298.14
298.135
298.131
298.127
298.123
298.119
298.116
298.112
298.109
298.105
298.101
298.096
298.09
298.084
298.078
298.071
298.064
298.058
298.051
298.046
298.091
298.091
298.091
298.091
298.091
298.091
298.091
298.092
298.092
298.093
298.093
298.094
298.095
298.096
298.097
298.099
298.1
298.102
298.104
298.106
298.107
298.108
298.108
298.107
298.105
298.103
298.1
298.097
298.094
298.091
298.088
298.085
298.082
298.08
298.077
298.075
298.073
298.07
298.068
298.066
298.063
298.06
298.056
298.052
298.048
298.044
298.04
298.035
298.031
298.028
298.054
298.054
298.054
298.054
298.054
298.055
298.055
298.055
298.055
298.056
298.056
298.056
298.057
298.058
298.058
298.059
298.06
298.062
298.063
298.064
298.065
298.065
298.065
298.065
298.064
298.062
298.061
298.059
298.057
298.055
298.053
298.051
298.05
298.048
298.046
298.045
298.044
298.042
298.041
298.039
298.038
298.036
298.034
298.031
298.029
298.026
298.023
298.021
298.018
298.016
298.031
298.031
298.031
298.031
298.031
298.031
298.031
298.031
298.032
298.032
298.032
298.032
298.033
298.033
298.034
298.034
298.035
298.036
298.036
298.037
298.037
298.038
298.038
298.037
298.037
298.036
298.035
298.034
298.033
298.032
298.031
298.03
298.029
298.028
298.027
298.026
298.025
298.024
298.023
298.023
298.022
298.02
298.019
298.018
298.016
298.015
298.013
298.012
298.01
298.009
298.017
298.017
298.017
298.017
298.017
298.017
298.017
298.017
298.017
298.017
298.018
298.018
298.018
298.018
298.018
298.019
298.019
298.02
298.02
298.02
298.021
298.021
298.021
298.021
298.02
298.02
298.019
298.019
298.018
298.018
298.017
298.016
298.016
298.015
298.015
298.014
298.014
298.013
298.013
298.012
298.012
298.011
298.01
298.01
298.009
298.008
298.007
298.006
298.005
298.005
298.009
298.009
298.009
298.009
298.009
298.009
298.009
298.009
298.009
298.009
298.009
298.009
298.009
298.01
298.01
298.01
298.01
298.01
298.011
298.011
298.011
298.011
298.011
298.011
298.011
298.011
298.01
298.01
298.01
298.009
298.009
298.009
298.008
298.008
298.008
298.007
298.007
298.007
298.007
298.006
298.006
298.006
298.005
298.005
298.005
298.004
298.004
298.003
298.003
298.002
298.004
298.004
298.004
298.004
298.004
298.004
298.004
298.004
298.004
298.005
298.005
298.005
298.005
298.005
298.005
298.005
298.005
298.005
298.005
298.005
298.005
298.006
298.006
298.005
298.005
298.005
298.005
298.005
298.005
298.005
298.004
298.004
298.004
298.004
298.004
298.004
298.004
298.003
298.003
298.003
298.003
298.003
298.003
298.002
298.002
298.002
298.002
298.002
298.001
298.001
298.002
298.002
298.002
298.002
298.002
298.002
298.002
298.002
298.002
298.002
298.002
298.002
298.002
298.002
298.002
298.002
298.002
298.002
298.002
298.003
298.003
298.003
298.003
298.003
298.003
298.003
298.002
298.002
298.002
298.002
298.002
298.002
298.002
298.002
298.002
298.002
298.002
298.002
298.002
298.002
298.001
298.001
298.001
298.001
298.001
298.001
298.001
298.001
298.001
298.001
298.001
298.001
298.001
298.001
298.001
298.001
298.001
298.001
298.001
298.001
298.001
298.001
298.001
298.001
298.001
298.001
298.001
298.001
298.001
298.001
298.001
298.001
298.001
298.001
298.001
298.001
298.001
298.001
298.001
298.001
298.001
298.001
298.001
298.001
298.001
298.001
298.001
298.001
298.001
298.001
298.001
298.001
298.001
298.001
298
298
298
298
298
298
298
298
298
298
298
298
298
298
298
298
298
298
298
298
298
298
298
298
298
298
298
298.001
298.001
298
298
298
298
298
298
298
298
298
298
298
298
298
298
298
298
298
298
298
298
298
298
298
298
298
298
298
298
298
298
298
298
298
298
298
298
298
298
298
298
298
298
298
298
298
298
298
298
298
298
298
298
298
298
298
298
298
298
298
298
298
298
298
298
298
298
298
298
298
298
298
298
298
298
298
298
298
298
298
298
298
298
298
298
298
298
298
298
298
298
298
298
298
298
298
298
298
298
298
298
298
298
298
298
298
298
298
298
298
298
298
298
298
298
298
298
298
298
298
298
298
298
298
298
298
298
298
298
298
298
298
298
298
298
298
298
298
298
298
298
298
298
298
298
298
298
298
298
298
298
298
298
298
298
298
298
298
298
298
298
298
298
298
298
298
298
298
298
298
298
298
298
298
298
298
298
298
298
298
298
298
298
298
298
298
298
298
298
298
298
298
298
298
298
298
298
298
298
298
298
298
298
298
298
298
298
298
298
298
298
298
298
298
298
298
298
298
298
298
298
298
298
298
298
298
298
298
298
298
298
298
298
298
298
298
298
298
298
298
298
298
298
298
298
298
298
298
298
298
298
298
298
298
298
298
298
298
298
298
298
298
298
298
298
298
298
298
298
298
298
298
298
298
298
298
298
298
298
298
298
298
298
298
298
298
298
298
298
298
298
298
298
298
298
298
298
298
298
298
298
298
298
298
298
298
298
298
298
298
298
298
298
298
298
298
298
298
298
298
298
298
298
298
298
298
298
298
298
298
298
298
298
298
298
298
298
298
298
298
298
298
298
298
298
298
298
298
298
298
298
298
298
298
298
298
298
298
298
298
298
298
298
298
298
298
298
298
298
298
298
298
298
298
298
298
298
298
298
298
298
298
298
298
298
298
298
298
298
298
298
298
298
298
298
298
298
298
298
298
298
298
298
298
298
298
298
298
298
298
298
298
298
298
298
298
298
298
298
298
298
298
298
298
298
298
298
298
298
298
298
298
298
298
298
298
298
298
298
298
298
298
298
298
298
298
298
298
298
298
298
298
298
298
298
298
298
298
298
298
298
298
298
298
298
298
298
298
298
298
298
298
298
298
298
298
298
298
298
298
298
298
298
298
298
298
298
298
298
298
298
298
298
298
298
298
298
298
298
298
298
298
298
298
298
298
298
298
298
298
298
298
298
298
298
298
298
298
298
298
298
298
298
298
298
298
298
298
298
298
298
298
298
298
298
298
298
298
298
298
298
298
298
298
298
298
298
298
298
298
298
298
298
298
298
298
298
298
298
298
298
298
298
298
298
298
298
298
298
298
298
298
298
298
298
298
298
298
298
298
298
298
298
298
298
298
298
298
298
298
298
298
298
298
298
298
298
298
298
298
298
298
298
298
298
298
298
298
298
298
298
298
298
298
298
298
298
298
298
298
298
298
298
298
298
298
298
298
298
298
298
298
298
298
298
298
298
298
298
298
298
298
298
298
298
298
298
298
298
298
298
298
298
298
298
298
298
298
298
298
298
298
298
298
298
298
298
298
298
298
298
298
298
298
298
298
298
298
298
298
298
298
298
298
298
298
298
298
298
298
298
298
298
298
298
298
298
298
298
298
298
298
298
298
298
298
298
298
298
298
298
298
298
298
298
298
298
298
298
298
298
298
298
298
298
298
298
298
298
298
298
298
298
298
298
298
298
298
298
298
298
298
298
298
298
298
298
298
298
298
298
298
298
298
298
298
298
298
298
298
298
298
298
298
298
298
298
298
298
298
298
298
298
298
298
298
298
298
298
298
298
298
298
298
298
298
298
298
298
298
298
298
298
298
298
298
298
298
298
298
298
298
298
298
298
298
298
298
298
298
298
298
298
298
298
298
298
298
298
298
298
298
298
298
298
298
298
298
298
298
298
298
298
298
298
298
298
298
298
298
298
298
298
298
298
298
298
298
298
298
298
298
298
298
298
298
298
298
298
298
298
298
298
298
298
298
298
298
298
298
298
298
298
298
298
298
298
298
298
298
298
298
298
298
298
298
298
298
298
298
298
298
298
298
298
298
298
298
298
298
298
298
298
298
298
298
298
298
298
298
298
298
298
298
298
298
298
298
298
298
298
298
298
298
298
298
298
298
298
298
298
298
298
298
298
298
298
298
298
298
298
298
298
298
298
298
298
298
298
298
298
298
298
298
298
298
298
298
298
298
298
298
298
298
298
298
298
298
298
298
298
298
298
298
298
298
298
298
298
298
298
298
298
298
298
298
298
298
298
298
298
298
298
298
298
298
298
298
298
298
298
298
298
298
298
298
298
298
298
298
298
298
298
298
298
298
298
298
298
298
298
298
298
298
298
298
298
298
298
298
298
298
298
298
298
298
298
298
298
298
298
298
298
298
298
298
298
298
298
298
298
298
298
298
298
298
298
298
298
298
298
298
298
298
298
298
298
298
298
298
298
298
298
298
298
298
298
298
298
298
298
298
298
298
298
298
298
298
298
298
298
298
298
298
298
298
298
298
298
298
298
298
298
298
298
298
298
298
298
298
298
298
298
298
298
298
298
298
298
298
298
298
298
298
298
298
298
298
298
298
298
298
298
298
298
298
298
298
298
298
298
298
298
298
298
298
298
298
298
298
298
298
298
298
298
298
298
298
298
298
298
298
298
298
298
298
298
298
298
298
298
298
298
298
298
298
298
298
298
298
298
298
298
298
298
298
298
298
298
298
298
298
298
298
298
298
298
298
298
298
298
298
298
298
298
298
298
298
298
298
298
298
298
298
298
298
298
298
298
298
298
298
298
298
298
298
298
298
298
298
298
298
298
298
298
298
298
298
298
298
298
298
298
298
298
298
298
298
298
298
298
298
298
298
298
298
298
298
298
298
298
298
298
298
298
298
298
298
298
298
298
298
298
298
298
298
298
298
298
298
298
298
298
298
298
298
298
298
298
298
298
298
298
298
298
298
298
298
298
298
298
298
298
298
298
298
298
298
298
298
298
298
298
298
298
298
298
298
298
298
298
298
298
298
298
298
298
298
298
298
298
298
298
298
298
298
298
298
298
298
298
298
298
298
298
298
298
298
298
298
298
298
298
298
298
298
298
298
298
298
298
298
298
298
298
298
298
298
298
298
298
298
298
298
298
298
298
298
298
298
298
298
298
298
298
298
298
298
298
298
298
298
298
298
298
298
298
298
298
298
298
298
298
298
298
298
298
298
298
298
298
298
298
298
298
298
298
298
298
298
298
298
298
298
298
298
298
298
298
298
298
298
298
298
298
298
298
298
298
298
298
298
298
298
298
298
298
298
298
298
298
298
298
298
298
298
298
298
298
298
298
298
298
298
298
298
298
298
298
298
298
298
298
298
298
298
298
298
298
298
298
298
298
298
298
298
298
298
298
298
298
298
298
298
298
298
298
298
298
298
298
298
298
298
298
298
298
298
298
298
298
298
298
298
298
298
298
298
298
298
298
298
298
298
298
298
298
298
298
298
298
298
298
298
298
298
298
298
298
298
298
298
298
298
298
298
298
298
298
298
298
298
298
298
298
298
298
298
298
298
298
298
298
298
298
298
298
298
298
298
298
298
298
298
298
298
298
298
298
298
298
298
298
298
298
298
298
298
298
298
298
298
298
298
298
298
298
298
298
298
298
298
298
298
298
298
298
298
298
298
298
298
298
298
298
298
298
298
298
298
298
298
298
298
298
298
298
298
298
298
298
298
298
298
298
298
298
298
298
298
298
298
298
298
298
298
298
298
298
298
298
298
298
298
298
298
298
298
298
298
298
298
298
298
298
298
298
298
298
298
298
298
298
298
298
298
298
298
298
298
298
298
298
298
298
298
298
298
298
298
298
298
298
298
298
298
298
298
298
298
298
298
298
298
298
298
298
298
298
298
298
298
298
298
298
298
298
298
298
298
298
298
298
298
298
298
298
298
298
298
298
298
298
298
298
298
298
298
298
298
298
298
298
298
298
298
298
298
298
298
298
298
298
298
298
298
298
298
298
298
298
298
298
298
298
298
298
298
298
298
298
298
298
298
298
298
298
298
298
298
298
298
298
298
298
298
298
298
298
298
298
298
298
298
298
298
298
298
298
298
298
298
298
298
298
298
298
298
298
298
298
298
298
298
298
298
298
298
298
298
298
298
298
298
298
298
298
298
298
298
298
298
298
298
298
298
298
298
298
298
298
298
298
298
298
298
298
298
298
298
298
298
298
298
298
298
298
298
298
298
298
298
298
298
298
298
298
298
298
298
298
298
298
298
298
298
298
298
298
298
298
298
298
298
298
298
298
298
298
298
298
298
298
298
298
298
298
298
298
298
298
298
298
298
298
298
298
298
298
298
298
298
298
298
298
298
298
298
298
298
298
298
298
298
298
298
298
298
298
298
298
298
298
298
298
298
298
298
298
298
298
298
298
298
298
298
298
298
298
298
298
298
298
298
298
298
298
298
298
298
298
298
298
298
298
298
298
298
298
298
298
298
298
298
298
298
298
298
298
298
298
298
298
298
298
298
298
298
298
298
298
298
298
298
298
298
298
298
298
298
298
298
298
298
298
298
298
298
298
298
298
298
298
298
298
298
298
298
298
298
298
298
298
298
298
298
298
298
298
298
298
298
298
298
298
298
298
298
298
298
298
298
298
298
298
298
298
298
298
298
298
298
298
298
298
298
298
298
298
298
298
298
298
298
298
298
298
298
298
298
298
298
298
298
298
298
298
298
298
298
298
298
298
298
298
298
298
298
298
298
298
298
298
298
298
298
298
298
298
298
298
298
298
298
298
298
298
298
298
298
298
298
298
298
298
298
298
298
298
298
298
298
298
298
298
298
298
298
298
298
298
298
298
298
298
298
298
298
298
298
298
298
298
298
298
298
298
298
298
298
298
298
298
298
298
298
298
298
298
298
298
298
298
298
298
298
298
298
298
298
298
298
298
298
298
298
298
298
298
298
298
298
298
298
298
298
298
298
298
298
298
298
298
298
298
298
298
298
298
298
298
298
298
298
298
298
298
298
298
298
298
298
298
298
298
298
298
298
298
298
298
298
298
298
298
298
298
298
298
298
298
298
298
298
298
298
298
298
298
298
298
298
298
298
298
298
298
298
298
298
298
298
298
298
298
298
298
298
298
298
298
298
298
298
298
298
298
298
298
298
298
298
298
298
298
298
298
298
298
298
298
298
298
298
298
298
298
298
298
298
298
298
298
298
298
298
298
298
298
298
298
298
298
298
298
298
298
298
298
298
298
298
298
298
298
298
298
298
298
298
298
298
298
298
298
298
298
298
298
298
298
298
298
298
298
298
298
298
298
298
298
298
298
298
298
298
298
298
298
298
298
298
298
298
298
298
298
298
298
298
298
298
298
298
298
298
298
298
298
298
298
298
298
298
298
298
298
298
298
298
298
298
298
298
298
298
298
298
298
298
298
298
298
298
298
298
298
298
298
298
298
298
298
298
298
298
298
298
298
298
298
298
298
298
298
298
298
298
298
298
298
298
298
298
298
298
298
298
298
298
298
298
298
298
298
298
298
298
298
298
298
298
298
298
298
298
298
298
298
298
298
298
298
298
298
298
298
298
298
298
298
298
298
298
298
298
298
298
298
298
298
298
298
298
298
298
298
298
298
298
298
298
298
298
298
298
298
298
298
298
298
298
298
298
298
298
298
298
298
298
298
298
298
298
298
298
298
298
298
298
298
298
298
298
298
298
298
298
298
298
298
298
298
298
298
298
298
298
298
298
298
298
298
298
298
298
298
298
298
298
298
298
298
298
298
298
298
298
298
298
298
298
298
298
298
298
298
298
298
298
298
298
298
298
298
298
298
298
298
298
298
298
298
298
298
298
298
298
298
298
298
298
298
298
298
298
298
298
298
298
298
298
298
298
298
298
298
298
298
298
298
298
298
298
298
298
298
298
298
298
298
298
298
298
298
298
298
298
298
298
298
298
298
298
298
298
298
298
298
298
298
298
298
298
298
298
298
298
298
298
298
298
298
298
298
298
298
298
298
298
298
298
298
298
298
298
298
298
298
298
298
298
298
298
298
298
298
298
298
298
298
298
298
298
298
298
298
298
298
298
298
298
298
298
298
298
298
298
298
298
298
298
298
298
298
298
298
298
298
298
298
298
298
298
298
298
298
298
298
298
298
298
298
298
298
298
298
298
298
298
298
298
298
298
298
298
298
298
298
298
298
298
298
298
298
298
298
298
298
298
298
298
298
298
298
298
298
298
298
298
298
298
298
298
298
298
298
298
298
298
298
298
298
298
298
298
298
298
298
298
298
298
298
298
298
298
298
298
298
298
298
298
298
298
298
298
298
298
298
298
298
298
298
298
298
298
298
298
298
298
298
298
298
298
298
298
298
298
298
298
298
298
298
298
298
298
298
298
298
298
298
298
298
298
298
298
298
298
298
298
298
298
298
298
298
298
298
298
298
298
298
298
298
298
298
298
298
298
298
298
298
298
298
298
298
298
298
298
298
298
298
298
298
298
298
298
298
298
298
298
298
298
298
298
298
298
298
298
298
298
298
298
298
298
298
298
298
298
298
298
298
298
298
298
298
298
298
298
298
298
298
298
298
298
298
298
298
298
298
298
298
298
298
298
298
298
298
298
298
298
298
298
298
298
298
298
298
298
298
298
298
298
298
298
298
298
298
298
298
298
298
298
298
298
298
298
298
298
298
298
298
298
298
298
298
298
298
298
298
298
298
298
298
298
298
298
298
298
298
298
298
298
298
298
298
298
298
298
298
298
298
298
298
298
298
298
298
298
298
298
298
298
298
298
298
298
298
298
298
298
298
298
298
298
298
298
298
298
298
298
298
298
298
298
298
298
298
298
298
298
298
298
298
298
298
298
298
298
298
298
298
298
298
298
298
298
298
298
298
298
298
298
298
298
298
298
298
298
298
298
298
298
298
298
298
298
298
298
298
298
298
298
298
298
298
298
298
298
298
298
298
298
298
298
298
298
298
298
298
298
298
298
298
298
298
298
298
298
298
298
298
298
298
298
298
298
298
298
298
298
298
298
298
298
298
298
298
298
298
298
298
298
298
298
298
298
298
298
298
298
298
298
298
298
298
298
298
298
298
298
298
298
298
298
298
298
298
298
298
298
298
298
298
298
298
298
298
298
298
298
298
298
298
298
298
298
298
298
298
298
298
298
298
298
298
298
298
298
298
298
298
298
298
298
298
298
298
298
298
298
298
298
298
298
298
298
298
298
298
298
298
298
298
298
298
298
298
298
298
298
298
298
298
298
298
298
298
298
298
298
298
298
298
298
298
298
298
298
298
298
298
298
298
298
298
298
298
298
298
298
298
298
298
298
298
298
298
298
298
298
298
298
298
298
298
298
298
298
298
298
298
298
298
298
298
298
298
298
298
298
298
298
298
298
298
298
298
298
298
298
298
298
298
298
298
298
298
298
298
298
298
298
298
298
298
298
298
298
298
298
298
298
298
298
298
298
298
298
298
298
298
298
298
298
298
298
298
298
298
298
298
298
298
298
298
298
298
298
298
298
298
298
298
298
298
298
298
298
298
298
298
298
298
298
298
298
298
298
298
298
298
298
298
298
298
298
298
298
298
298
298
298
298
298
298
298
298
298
298
298
298
298
298
298
298
298
298
298
298
298
298
298
298
298
298
298
298
298
298
298
298
298
298
298
298
298
298
298
298
298
298
298
298
298
298
298
298
298
298
298
298
298
298
298
298
298
298
298
298
298
298
298
298
298
298
298
298
298
298
298
298
298
298
298
298
298
298
298
298
298
298
298
298
298
298
298
298
298
298
298
298
298
298
298
298
298
298
298
298
298
298
298
298
298
298
298
298
298
298
298
298
298
298
298
298
298
298
298
298
298
298
298
298
298
298
298
298
298
298
298
298
298
298
298
298
298
298
298
298
298
298
298
298
298
298
298
298
298
298
298
298
298
298
298
298
298
298
298
298
298
298
298
298
298
298
298
298
298
298
298
298
298
298
298
298
298
298
298
298
298
298
298
298
298
298
298
298
298
298
298
298
298
298
298
298
298
298
298
298
298
298
298
298
298
298
298
298
298
298
298
298
298
298
298
298
298
298
298
298
298
298
298
298
298
298
298
298
298
298
298
298
298
298
298
298
298
298
298
298
298
298
298
298
298
298
298
298
298
298
298
298
298
298
298
298
298
298
298
298
298
298
298
298
298
298
298
298
298
298
298
298
298
298
298
298
298
298
298
298
298
298
298
298
298
298
298
298
298
298
298
298
298
298
298
298
298
298
298
298
298
298
298
298
298
298
298
298
298
298
298
298
298
298
298
298
298
298
298
298
298
298
298
298
298
298
298
298
298
298
298
298
298
298
298
298
298
298
298
298
298
298
298
298
298
298
298
298
298
298
298
298
298
298
298
298
298
298
298
298
298
298
298
298
298
298
298
298
298
298
298
298
298
298
298
298
298
298
298
298
298
298
298
298
298
298
298
298
298
298
298
298
298
298
298
298
298
298
298
298
298
298
298
298
298
298
298
298
298
298
298
298
298
298
298
298
298
298
298
298
298
298
298
298
298
298
298
298
298
298
298
298
298
298
298
298
298
298
298
298
298
298
298
298
298
298
298
298
298
298
298
298
298
298
298
298
298
298
298
298
298
298
298
298
298
298
298
298
298
298
298
298
298
298
298
298
298
298
298
297.999
298
298
298
298
298
298
298
298
298
298
298
298
298
298
298
298
298
298
298
298
298
298
298
298
298
298
298
298
298
298
298
298
298
298
298
298
298
298
298
298
298
298
298
298
298
298
298
298
298
)
;

boundaryField
{
    axis
    {
        type            empty;
    }
    back
    {
        type            zeroGradient;
    }
    wedge-right
    {
        type            wedge;
    }
    wedge-left
    {
        type            wedge;
    }
    outer
    {
        type            fixedGradient;
        gradient        nonuniform List<scalar> 
50
(
1373.92
1373.61
1372.31
1370.48
1368.21
1366.91
1363.96
1360.54
1356.6
1352.14
1347.13
1341.53
1335.35
1328.54
1321.11
1312.98
1304.04
1294.04
1282.93
1270.72
1257.4
1242.74
1226.04
1207.69
1189.3
1170.14
1149.9
1128.47
1105.79
1081.79
1056.41
1029.63
1001.48
971.994
941.232
909.264
876.179
842.083
807.113
771.434
735.229
698.693
662.033
625.456
589.172
553.383
518.285
484.053
450.778
417.824
)
;
    }
    inner
    {
        type            fixedValue;
        value           uniform 298;
    }
}


// ************************************************************************* //
