/*--------------------------------*- C++ -*----------------------------------*\
  =========                 |
  \\      /  F ield         | OpenFOAM: The Open Source CFD Toolbox
   \\    /   O peration     | Website:  https://openfoam.org
    \\  /    A nd           | Version:  7
     \\/     M anipulation  |
\*---------------------------------------------------------------------------*/
FoamFile
{
    version     2.0;
    format      ascii;
    class       volScalarField;
    location    "0.04/porousMat";
    object      Ta;
}
// * * * * * * * * * * * * * * * * * * * * * * * * * * * * * * * * * * * * * //

dimensions      [0 0 0 1 0 0 0];

internalField   nonuniform List<scalar> 
5000
(
302.979
302.972
302.97
302.966
302.962
302.959
302.954
302.948
302.941
302.933
302.925
302.917
302.909
302.9
302.892
302.884
302.875
302.866
302.853
302.836
302.812
302.777
302.729
302.667
302.597
302.519
302.432
302.339
302.242
302.14
302.035
301.927
301.816
301.705
301.592
301.478
301.362
301.242
301.121
300.996
300.866
300.732
300.594
300.451
300.305
300.158
300.011
299.868
299.728
299.597
302.482
302.475
302.474
302.471
302.467
302.465
302.46
302.455
302.45
302.444
302.438
302.432
302.425
302.419
302.414
302.409
302.403
302.397
302.389
302.376
302.356
302.327
302.284
302.23
302.167
302.095
302.016
301.931
301.842
301.749
301.654
301.556
301.456
301.355
301.254
301.151
301.047
300.94
300.831
300.719
300.603
300.482
300.357
300.227
300.094
299.96
299.827
299.696
299.568
299.449
302.006
302
301.998
301.996
301.993
301.991
301.988
301.984
301.979
301.975
301.971
301.966
301.962
301.958
301.955
301.952
301.949
301.946
301.941
301.932
301.917
301.893
301.856
301.807
301.751
301.686
301.615
301.538
301.457
301.373
301.286
301.198
301.108
301.018
300.927
300.836
300.743
300.648
300.551
300.451
300.347
300.239
300.127
300.01
299.89
299.769
299.648
299.529
299.413
299.305
301.552
301.547
301.545
301.544
301.541
301.54
301.537
301.535
301.531
301.528
301.525
301.522
301.52
301.518
301.516
301.516
301.516
301.515
301.513
301.507
301.496
301.476
301.444
301.402
301.351
301.294
301.229
301.16
301.087
301.011
300.933
300.854
300.774
300.694
300.613
300.533
300.45
300.367
300.281
300.193
300.101
300.005
299.905
299.801
299.693
299.584
299.475
299.368
299.264
299.167
301.124
301.118
301.118
301.116
301.114
301.114
301.112
301.11
301.107
301.105
301.103
301.102
301.101
301.1
301.1
301.102
301.103
301.105
301.105
301.102
301.094
301.078
301.051
301.014
300.97
300.919
300.861
300.799
300.734
300.666
300.597
300.527
300.456
300.385
300.314
300.243
300.171
300.098
300.023
299.946
299.865
299.781
299.692
299.6
299.504
299.407
299.309
299.214
299.121
299.035
300.721
300.716
300.716
300.715
300.714
300.713
300.712
300.71
300.709
300.708
300.707
300.707
300.707
300.707
300.709
300.712
300.715
300.718
300.72
300.72
300.714
300.702
300.679
300.648
300.609
300.564
300.513
300.458
300.4
300.34
300.279
300.217
300.154
300.092
300.031
299.969
299.907
299.843
299.778
299.711
299.641
299.567
299.49
299.408
299.324
299.238
299.152
299.067
298.984
298.908
300.347
300.343
300.342
300.342
300.341
300.34
300.34
300.339
300.338
300.338
300.338
300.338
300.339
300.341
300.343
300.347
300.351
300.356
300.36
300.361
300.358
300.348
300.329
300.302
300.269
300.229
300.185
300.136
300.086
300.033
299.98
299.926
299.871
299.817
299.764
299.711
299.657
299.603
299.547
299.49
299.429
299.365
299.298
299.227
299.153
299.078
299.002
298.928
298.856
298.789
300.002
299.998
299.998
299.997
299.997
299.997
299.996
299.996
299.996
299.996
299.997
299.998
299.999
300.002
300.005
300.009
300.014
300.02
300.025
300.027
300.026
300.019
300.004
299.981
299.952
299.918
299.879
299.837
299.793
299.748
299.701
299.654
299.608
299.561
299.516
299.471
299.425
299.379
299.332
299.283
299.231
299.176
299.118
299.057
298.993
298.928
298.863
298.798
298.735
298.678
299.687
299.684
299.684
299.684
299.683
299.683
299.683
299.683
299.684
299.684
299.685
299.687
299.689
299.692
299.695
299.7
299.705
299.711
299.717
299.72
299.72
299.715
299.703
299.684
299.66
299.631
299.597
299.561
299.523
299.484
299.445
299.405
299.365
299.326
299.287
299.249
299.211
299.172
299.132
299.091
299.048
299.001
298.952
298.9
298.845
298.789
298.733
298.678
298.624
298.575
299.404
299.401
299.401
299.401
299.401
299.401
299.401
299.401
299.402
299.403
299.404
299.406
299.408
299.411
299.415
299.42
299.425
299.431
299.437
299.441
299.442
299.439
299.429
299.414
299.393
299.369
299.34
299.31
299.278
299.244
299.211
299.177
299.144
299.111
299.079
299.047
299.015
298.983
298.95
298.916
298.88
298.841
298.8
298.756
298.71
298.662
298.615
298.568
298.522
298.481
299.151
299.149
299.149
299.149
299.149
299.149
299.149
299.15
299.151
299.152
299.153
299.155
299.157
299.16
299.164
299.169
299.174
299.18
299.186
299.19
299.192
299.19
299.182
299.17
299.153
299.133
299.109
299.083
299.056
299.029
299.001
298.973
298.945
298.918
298.891
298.866
298.839
298.813
298.786
298.758
298.728
298.697
298.662
298.626
298.587
298.548
298.508
298.469
298.431
298.396
298.93
298.928
298.928
298.928
298.928
298.928
298.929
298.929
298.93
298.931
298.933
298.935
298.937
298.94
298.944
298.948
298.953
298.959
298.964
298.968
298.97
298.969
298.964
298.954
298.94
298.923
298.904
298.883
298.86
298.838
298.815
298.792
298.769
298.747
298.725
298.704
298.683
298.662
298.64
298.618
298.594
298.568
298.54
298.51
298.478
298.446
298.413
298.381
298.349
298.321
298.739
298.737
298.737
298.737
298.737
298.738
298.738
298.739
298.74
298.741
298.742
298.744
298.746
298.749
298.752
298.756
298.761
298.766
298.771
298.775
298.777
298.777
298.772
298.765
298.754
298.74
298.724
298.707
298.689
298.671
298.652
298.634
298.615
298.598
298.58
298.564
298.547
298.53
298.513
298.495
298.476
298.455
298.433
298.408
298.383
298.357
298.33
298.304
298.278
298.256
298.576
298.575
298.575
298.575
298.576
298.576
298.576
298.577
298.578
298.579
298.58
298.582
298.584
298.586
298.589
298.593
298.597
298.601
298.605
298.609
298.611
298.611
298.608
298.602
298.594
298.583
298.57
298.557
298.542
298.528
298.513
298.498
298.484
298.47
298.456
298.443
298.43
298.417
298.404
298.39
298.374
298.358
298.34
298.321
298.301
298.28
298.259
298.238
298.218
298.2
298.441
298.44
298.44
298.44
298.441
298.441
298.441
298.442
298.443
298.443
298.445
298.446
298.448
298.45
298.452
298.456
298.459
298.463
298.466
298.47
298.472
298.472
298.47
298.465
298.459
298.45
298.44
298.43
298.419
298.407
298.395
298.384
298.373
298.362
298.352
298.342
298.332
298.322
298.311
298.301
298.289
298.276
298.263
298.248
298.232
298.215
298.199
298.183
298.167
298.153
298.331
298.33
298.33
298.33
298.33
298.331
298.331
298.332
298.332
298.333
298.334
298.335
298.337
298.338
298.34
298.343
298.346
298.349
298.352
298.355
298.357
298.357
298.355
298.352
298.347
298.341
298.333
298.325
298.316
298.308
298.299
298.29
298.282
298.273
298.266
298.258
298.25
298.243
298.235
298.227
298.218
298.209
298.198
298.187
298.175
298.162
298.15
298.137
298.125
298.114
298.243
298.242
298.242
298.242
298.242
298.243
298.243
298.243
298.244
298.244
298.245
298.246
298.247
298.249
298.251
298.253
298.255
298.257
298.26
298.262
298.264
298.264
298.263
298.261
298.257
298.252
298.247
298.24
298.234
298.227
298.221
298.214
298.208
298.202
298.196
298.191
298.185
298.179
298.174
298.168
298.161
298.154
298.146
298.138
298.129
298.12
298.11
298.101
298.092
298.084
298.174
298.173
298.173
298.173
298.174
298.174
298.174
298.174
298.175
298.175
298.176
298.177
298.178
298.179
298.18
298.182
298.184
298.185
298.187
298.189
298.19
298.191
298.19
298.188
298.186
298.182
298.178
298.174
298.169
298.164
298.159
298.155
298.15
298.146
298.141
298.137
298.133
298.129
298.125
298.121
298.116
298.111
298.106
298.099
298.093
298.086
298.079
298.072
298.066
298.06
298.121
298.121
298.121
298.121
298.121
298.121
298.122
298.122
298.122
298.123
298.123
298.124
298.124
298.125
298.126
298.127
298.129
298.13
298.132
298.133
298.134
298.134
298.134
298.133
298.131
298.129
298.126
298.122
298.119
298.116
298.112
298.109
298.105
298.102
298.099
298.097
298.094
298.091
298.088
298.085
298.082
298.078
298.074
298.07
298.065
298.06
298.055
298.05
298.046
298.042
298.083
298.082
298.082
298.082
298.082
298.083
298.083
298.083
298.083
298.083
298.084
298.084
298.085
298.085
298.086
298.087
298.088
298.089
298.09
298.091
298.092
298.092
298.092
298.091
298.09
298.088
298.086
298.084
298.082
298.079
298.077
298.074
298.072
298.07
298.068
298.066
298.064
298.062
298.06
298.058
298.056
298.053
298.051
298.048
298.044
298.041
298.037
298.034
298.031
298.028
298.055
298.054
298.054
298.054
298.055
298.055
298.055
298.055
298.055
298.055
298.056
298.056
298.056
298.057
298.057
298.058
298.059
298.059
298.06
298.061
298.061
298.062
298.061
298.061
298.06
298.059
298.057
298.056
298.054
298.053
298.051
298.05
298.048
298.047
298.045
298.044
298.043
298.041
298.04
298.039
298.037
298.036
298.034
298.032
298.029
298.027
298.025
298.022
298.02
298.018
298.035
298.035
298.035
298.035
298.035
298.035
298.035
298.035
298.035
298.035
298.036
298.036
298.036
298.036
298.037
298.037
298.038
298.038
298.039
298.039
298.04
298.04
298.04
298.039
298.039
298.038
298.037
298.036
298.035
298.034
298.033
298.032
298.031
298.03
298.029
298.028
298.028
298.027
298.026
298.025
298.024
298.023
298.022
298.02
298.019
298.017
298.016
298.014
298.013
298.012
298.022
298.022
298.022
298.022
298.022
298.022
298.022
298.022
298.022
298.022
298.022
298.022
298.023
298.023
298.023
298.023
298.024
298.024
298.024
298.025
298.025
298.025
298.025
298.025
298.024
298.024
298.023
298.023
298.022
298.021
298.021
298.02
298.019
298.019
298.018
298.018
298.017
298.017
298.016
298.016
298.015
298.014
298.014
298.013
298.012
298.011
298.01
298.009
298.008
298.007
298.013
298.013
298.013
298.013
298.013
298.013
298.013
298.013
298.013
298.013
298.013
298.013
298.014
298.014
298.014
298.014
298.014
298.014
298.015
298.015
298.015
298.015
298.015
298.015
298.015
298.014
298.014
298.014
298.013
298.013
298.013
298.012
298.012
298.011
298.011
298.011
298.01
298.01
298.01
298.009
298.009
298.009
298.008
298.008
298.007
298.006
298.006
298.005
298.005
298.004
298.008
298.008
298.008
298.008
298.008
298.008
298.008
298.008
298.008
298.008
298.008
298.008
298.008
298.008
298.008
298.008
298.008
298.008
298.009
298.009
298.009
298.009
298.009
298.009
298.009
298.008
298.008
298.008
298.008
298.008
298.007
298.007
298.007
298.007
298.006
298.006
298.006
298.006
298.006
298.005
298.005
298.005
298.005
298.004
298.004
298.004
298.003
298.003
298.003
298.002
298.004
298.004
298.004
298.004
298.004
298.004
298.004
298.004
298.004
298.004
298.004
298.004
298.004
298.004
298.005
298.005
298.005
298.005
298.005
298.005
298.005
298.005
298.005
298.005
298.005
298.005
298.005
298.005
298.004
298.004
298.004
298.004
298.004
298.004
298.004
298.004
298.003
298.003
298.003
298.003
298.003
298.003
298.003
298.002
298.002
298.002
298.002
298.002
298.002
298.001
298.002
298.002
298.002
298.002
298.002
298.002
298.002
298.002
298.002
298.002
298.002
298.002
298.002
298.002
298.002
298.002
298.003
298.003
298.003
298.003
298.003
298.003
298.003
298.003
298.003
298.003
298.003
298.002
298.002
298.002
298.002
298.002
298.002
298.002
298.002
298.002
298.002
298.002
298.002
298.002
298.002
298.002
298.001
298.001
298.001
298.001
298.001
298.001
298.001
298.001
298.001
298.001
298.001
298.001
298.001
298.001
298.001
298.001
298.001
298.001
298.001
298.001
298.001
298.001
298.001
298.001
298.001
298.001
298.001
298.001
298.001
298.001
298.001
298.001
298.001
298.001
298.001
298.001
298.001
298.001
298.001
298.001
298.001
298.001
298.001
298.001
298.001
298.001
298.001
298.001
298.001
298.001
298.001
298.001
298.001
298.001
298.001
298
298
298
298.001
298.001
298.001
298.001
298.001
298.001
298.001
298.001
298.001
298.001
298.001
298.001
298.001
298.001
298.001
298.001
298.001
298.001
298.001
298.001
298.001
298.001
298.001
298.001
298.001
298.001
298.001
298.001
298.001
298.001
298.001
298.001
298.001
298.001
298.001
298
298
298
298
298
298
298
298
298
298
298
298
298
298
298
298
298
298
298
298
298
298
298
298
298
298
298
298
298
298
298
298
298
298
298
298
298
298
298
298
298
298
298
298
298
298
298
298
298
298
298
298
298
298
298
298
298
298
298
298
298
298
298
298
298
298
298
298
298
298
298
298
298
298
298
298
298
298
298
298
298
298
298
298
298
298
298
298
298
298
298
298
298
298
298
298
298
298
298
298
298
298
298
298
298
298
298
298
298
298
298
298
298
298
298
298
298
298
298
298
298
298
298
298
298
298
298
298
298
298
298
298
298
298
298
298
298
298
298
298
298
298
298
298
298
298
298
298
298
298
298
298
298
298
298
298
298
298
298
298
298
298
298
298
298
298
298
298
298
298
298
298
298
298
298
298
298
298
298
298
298
298
298
298
298
298
298
298
298
298
298
298
298
298
298
298
298
298
298
298
298
298
298
298
298
298
298
298
298
298
298
298
298
298
298
298
298
298
298
298
298
298
298
298
298
298
298
298
298
298
298
298
298
298
298
298
298
298
298
298
298
298
298
298
298
298
298
298
298
298
298
298
298
298
298
298
298
298
298
298
298
298
298
298
298
298
298
298
298
298
298
298
298
298
298
298
298
298
298
298
298
298
298
298
298
298
298
298
298
298
298
298
298
298
298
298
298
298
298
298
298
298
298
298
298
298
298
298
298
298
298
298
298
298
298
298
298
298
298
298
298
298
298
298
298
298
298
298
298
298
298
298
298
298
298
298
298
298
298
298
298
298
298
298
298
298
298
298
298
298
298
298
298
298
298
298
298
298
298
298
298
298
298
298
298
298
298
298
298
298
298
298
298
298
298
298
298
298
298
298
298
298
298
298
298
298
298
298
298
298
298
298
298
298
298
298
298
298
298
298
298
298
298
298
298
298
298
298
298
298
298
298
298
298
298
298
298
298
298
298
298
298
298
298
298
298
298
298
298
298
298
298
298
298
298
298
298
298
298
298
298
298
298
298
298
298
298
298
298
298
298
298
298
298
298
298
298
298
298
298
298
298
298
298
298
298
298
298
298
298
298
298
298
298
298
298
298
298
298
298
298
298
298
298
298
298
298
298
298
298
298
298
298
298
298
298
298
298
298
298
298
298
298
298
298
298
298
298
298
298
298
298
298
298
298
298
298
298
298
298
298
298
298
298
298
298
298
298
298
298
298
298
298
298
298
298
298
298
298
298
298
298
298
298
298
298
298
298
298
298
298
298
298
298
298
298
298
298
298
298
298
298
298
298
298
298
298
298
298
298
298
298
298
298
298
298
298
298
298
298
298
298
298
298
298
298
298
298
298
298
298
298
298
298
298
298
298
298
298
298
298
298
298
298
298
298
298
298
298
298
298
298
298
298
298
298
298
298
298
298
298
298
298
298
298
298
298
298
298
298
298
298
298
298
298
298
298
298
298
298
298
298
298
298
298
298
298
298
298
298
298
298
298
298
298
298
298
298
298
298
298
298
298
298
298
298
298
298
298
298
298
298
298
298
298
298
298
298
298
298
298
298
298
298
298
298
298
298
298
298
298
298
298
298
298
298
298
298
298
298
298
298
298
298
298
298
298
298
298
298
298
298
298
298
298
298
298
298
298
298
298
298
298
298
298
298
298
298
298
298
298
298
298
298
298
298
298
298
298
298
298
298
298
298
298
298
298
298
298
298
298
298
298
298
298
298
298
298
298
298
298
298
298
298
298
298
298
298
298
298
298
298
298
298
298
298
298
298
298
298
298
298
298
298
298
298
298
298
298
298
298
298
298
298
298
298
298
298
298
298
298
298
298
298
298
298
298
298
298
298
298
298
298
298
298
298
298
298
298
298
298
298
298
298
298
298
298
298
298
298
298
298
298
298
298
298
298
298
298
298
298
298
298
298
298
298
298
298
298
298
298
298
298
298
298
298
298
298
298
298
298
298
298
298
298
298
298
298
298
298
298
298
298
298
298
298
298
298
298
298
298
298
298
298
298
298
298
298
298
298
298
298
298
298
298
298
298
298
298
298
298
298
298
298
298
298
298
298
298
298
298
298
298
298
298
298
298
298
298
298
298
298
298
298
298
298
298
298
298
298
298
298
298
298
298
298
298
298
298
298
298
298
298
298
298
298
298
298
298
298
298
298
298
298
298
298
298
298
298
298
298
298
298
298
298
298
298
298
298
298
298
298
298
298
298
298
298
298
298
298
298
298
298
298
298
298
298
298
298
298
298
298
298
298
298
298
298
298
298
298
298
298
298
298
298
298
298
298
298
298
298
298
298
298
298
298
298
298
298
298
298
298
298
298
298
298
298
298
298
298
298
298
298
298
298
298
298
298
298
298
298
298
298
298
298
298
298
298
298
298
298
298
298
298
298
298
298
298
298
298
298
298
298
298
298
298
298
298
298
298
298
298
298
298
298
298
298
298
298
298
298
298
298
298
298
298
298
298
298
298
298
298
298
298
298
298
298
298
298
298
298
298
298
298
298
298
298
298
298
298
298
298
298
298
298
298
298
298
298
298
298
298
298
298
298
298
298
298
298
298
298
298
298
298
298
298
298
298
298
298
298
298
298
298
298
298
298
298
298
298
298
298
298
298
298
298
298
298
298
298
298
298
298
298
298
298
298
298
298
298
298
298
298
298
298
298
298
298
298
298
298
298
298
298
298
298
298
298
298
298
298
298
298
298
298
298
298
298
298
298
298
298
298
298
298
298
298
298
298
298
298
298
298
298
298
298
298
298
298
298
298
298
298
298
298
298
298
298
298
298
298
298
298
298
298
298
298
298
298
298
298
298
298
298
298
298
298
298
298
298
298
298
298
298
298
298
298
298
298
298
298
298
298
298
298
298
298
298
298
298
298
298
298
298
298
298
298
298
298
298
298
298
298
298
298
298
298
298
298
298
298
298
298
298
298
298
298
298
298
298
298
298
298
298
298
298
298
298
298
298
298
298
298
298
298
298
298
298
298
298
298
298
298
298
298
298
298
298
298
298
298
298
298
298
298
298
298
298
298
298
298
298
298
298
298
298
298
298
298
298
298
298
298
298
298
298
298
298
298
298
298
298
298
298
298
298
298
298
298
298
298
298
298
298
298
298
298
298
298
298
298
298
298
298
298
298
298
298
298
298
298
298
298
298
298
298
298
298
298
298
298
298
298
298
298
298
298
298
298
298
298
298
298
298
298
298
298
298
298
298
298
298
298
298
298
298
298
298
298
298
298
298
298
298
298
298
298
298
298
298
298
298
298
298
298
298
298
298
298
298
298
298
298
298
298
298
298
298
298
298
298
298
298
298
298
298
298
298
298
298
298
298
298
298
298
298
298
298
298
298
298
298
298
298
298
298
298
298
298
298
298
298
298
298
298
298
298
298
298
298
298
298
298
298
298
298
298
298
298
298
298
298
298
298
298
298
298
298
298
298
298
298
298
298
298
298
298
298
298
298
298
298
298
298
298
298
298
298
298
298
298
298
298
298
298
298
298
298
298
298
298
298
298
298
298
298
298
298
298
298
298
298
298
298
298
298
298
298
298
298
298
298
298
298
298
298
298
298
298
298
298
298
298
298
298
298
298
298
298
298
298
298
298
298
298
298
298
298
298
298
298
298
298
298
298
298
298
298
298
298
298
298
298
298
298
298
298
298
298
298
298
298
298
298
298
298
298
298
298
298
298
298
298
298
298
298
298
298
298
298
298
298
298
298
298
298
298
298
298
298
298
298
298
298
298
298
298
298
298
298
298
298
298
298
298
298
298
298
298
298
298
298
298
298
298
298
298
298
298
298
298
298
298
298
298
298
298
298
298
298
298
298
298
298
298
298
298
298
298
298
298
298
298
298
298
298
298
298
298
298
298
298
298
298
298
298
298
298
298
298
298
298
298
298
298
298
298
298
298
298
298
298
298
298
298
298
298
298
298
298
298
298
298
298
298
298
298
298
298
298
298
298
298
298
298
298
298
298
298
298
298
298
298
298
298
298
298
298
298
298
298
298
298
298
298
298
298
298
298
298
298
298
298
298
298
298
298
298
298
298
298
298
298
298
298
298
298
298
298
298
298
298
298
298
298
298
298
298
298
298
298
298
298
298
298
298
298
298
298
298
298
298
298
298
298
298
298
298
298
298
298
298
298
298
298
298
298
298
298
298
298
298
298
298
298
298
298
298
298
298
298
298
298
298
298
298
298
298
298
298
298
298
298
298
298
298
298
298
298
298
298
298
298
298
298
298
298
298
298
298
298
298
298
298
298
298
298
298
298
298
298
298
298
298
298
298
298
298
298
298
298
298
298
298
298
298
298
298
298
298
298
298
298
298
298
298
298
298
298
298
298
298
298
298
298
298
298
298
298
298
298
298
298
298
298
298
298
298
298
298
298
298
298
298
298
298
298
298
298
298
298
298
298
298
298
298
298
298
298
298
298
298
298
298
298
298
298
298
298
298
298
298
298
298
298
298
298
298
298
298
298
298
298
298
298
298
298
298
298
298
298
298
298
298
298
298
298
298
298
298
298
298
298
298
298
298
298
298
298
298
298
298
298
298
298
298
298
298
298
298
298
298
298
298
298
298
298
298
298
298
298
298
298
298
298
298
298
298
298
298
298
298
298
298
298
298
298
298
298
298
298
298
298
298
298
298
298
298
298
298
298
298
298
298
298
298
298
298
298
298
298
298
298
298
298
298
298
298
298
298
298
298
298
298
298
298
298
298
298
298
298
298
298
298
298
298
298
298
298
298
298
298
298
298
298
298
298
298
298
298
298
298
298
298
298
298
298
298
298
298
298
298
298
298
298
298
298
298
298
298
298
298
298
298
298
298
298
298
298
298
298
298
298
298
298
298
298
298
298
298
298
298
298
298
298
298
298
298
298
298
298
298
298
298
298
298
298
298
298
298
298
298
298
298
298
298
298
298
298
298
298
298
298
298
298
298
298
298
298
298
298
298
298
298
298
298
298
298
298
298
298
298
298
298
298
298
298
298
298
298
298
298
298
298
298
298
298
298
298
298
298
298
298
298
298
298
298
298
298
298
298
298
298
298
298
298
298
298
298
298
298
298
298
298
298
298
298
298
298
298
298
298
298
298
298
298
298
298
298
298
298
298
298
298
298
298
298
298
298
298
298
298
298
298
298
298
298
298
298
298
298
298
298
298
298
298
298
298
298
298
298
298
298
298
298
298
298
298
298
298
298
298
298
298
298
298
298
298
298
298
298
298
298
298
298
298
298
298
298
298
298
298
298
298
298
298
298
298
298
298
298
298
298
298
298
298
298
298
298
298
298
298
298
298
298
298
298
298
298
298
298
298
298
298
298
298
298
298
298
298
298
298
298
298
298
298
298
298
298
298
298
298
298
298
298
298
298
298
298
298
298
298
298
298
298
298
298
298
298
298
298
298
298
298
298
298
298
298
298
298
298
298
298
298
298
298
298
298
298
298
298
298
298
298
298
298
298
298
298
298
298
298
298
298
298
298
298
298
298
298
298
298
298
298
298
298
298
298
298
298
298
298
298
298
298
298
298
298
298
298
298
298
298
298
298
298
298
298
298
298
298
298
298
298
298
298
298
298
298
298
298
298
298
298
298
298
298
298
298
298
298
298
298
298
298
298
298
298
298
298
298
298
298
298
298
298
298
298
298
298
298
298
298
298
298
298
298
298
298
298
298
298
298
298
298
298
298
298
298
298
298
298
298
298
298
298
298
298
298
298
298
298
298
298
298
298
298
298
298
298
298
298
298
298
298
298
298
298
298
298
298
298
298
298
298
298
298
298
298
298
298
298
298
298
298
298
298
298
298
298
298
298
298
298
298
298
298
298
298
298
298
298
298
298
298
298
298
298
298
298
298
298
298
298
298
298
298
298
298
298
298
298
298
298
298
298
298
298
298
298
298
298
298
298
298
298
298
298
298
298
298
298
298
298
298
298
298
298
298
298
298
298
298
298
298
298
298
298
298
298
298
298
298
298
298
298
298
298
298
298
298
298
298
298
298
298
298
298
298
298
298
298
298
298
298
298
298
298
298
298
298
298
298
298
298
298
298
298
298
298
298
298
298
298
298
298
298
298
298
298
298
298
298
298
298
298
298
298
298
298
298
298
298
298
298
298
298
298
298
298
298
298
298
298
298
298
298
298
298
298
298
298
298
298
298
298
298
298
298
298
298
298
298
298
298
298
298
298
298
298
298
298
298
298
298
298
298
298
298
298
298
298
298
298
298
298
298
298
298
298
298
298
298
298
298
298
298
298
298
298
298
298
298
298
298
298
298
298
298
298
298
298
298
298
298
298
298
298
298
298
298
298
298
298
298
298
298
298
298
298
298
298
298
298
298
298
298
298
298
298
298
298
298
298
298
298
298
298
298
298
298
298
298
298
298
298
298
298
298
298
298
298
298
298
298
298
298
298
298
298
298
298
298
298
298
298
298
298
298
298
298
298
298
298
298
298
298
298
298
298
298
298
298
298
298
298
298
298
298
298
298
298
298
298
298
298
298
298
298
298
298
298
298
298
298
298
298
298
298
298
298
298
298
298
298
298
298
298
298
298
298
298
298
298
298
298
298
298
298
298
298
298
298
298
298
298
298
298
298
298
298
298
298
298
298
298
298
298
298
298
298
298
298
298
298
298
298
298
298
298
298
298
298
298
298
298
298
298
298
298
298
298
298
298
298
298
298
298
298
298
298
298
298
298
298
298
298
298
298
298
298
298
298
298
298
298
298
298
298
298
298
298
298
298
298
298
298
298
298
298
298
298
298
298
298
298
298
298
298
298
298
298
298
298
298
298
298
298
298
298
298
298
298
298
298
298
298
298
298
298
298
298
298
298
298
298
298
298
298
298
298
298
298
298
298
298
298
298
298
298
298
298
298
298
298
298
298
298
298
298
298
298
298
298
298
298
298
298
298
298
298
298
298
298
298
298
298
298
298
298
298
298
298
298
298
298
298
298
298
298
298
298
298
298
298
298
298
298
298
298
298
298
298
298
298
298
298
298
298
298
298
298
298
298
298
298
298
298
298
298
298
298
298
298
298
298
298
298
298
298
298
298
298
298
298
298
298
298
298
298
298
298
298
298
298
298
298
298
298
298
298
298
298
298
298
298
298
298
298
298
298
298
298
298
298
298
298
298
298
298
298
298
298
298
298
298
298
298
298
298
298
298
298
298
298
298
298
298
298
298
298
298
298
298
298
298
298
298
298
298
298
298
298
298
298
298
298
298
298
298
298
298
298
298
298
298
298
298
298
298
298
298
298
298
298
298
298
298
298
298
298
298
298
298
298
298
298
298
298
298
298
298
298
298
298
298
298
298
298
298
298
298
298
298
298
298
298
298
298
298
298
298
298
298
298
298
298
298
298
298
298
298
298
298
298
298
298
298
298
298
298
298
298
298
298
298
298
298
298
298
298
298
298
298
298
298
298
298
298
298
298
298
298
298
298
298
298
298
298
298
298
298
298
298
298
298
298
298
298
298
298
298
298
298
298
298
298
298
298
298
298
298
298
298
298
298
298
298
298
298
298
298
298
298
298
298
298
298
298
298
298
298
298
298
298
298
298
298
298
298
298
298
298
298
298
298
298
298
298
298
298
298
298
298
298
298
298
298
298
298
298
298
298
298
298
298
298
298
298
298
298
298
298
298
298
298
298
298
298
298
298
298
298
298
298
298
298
298
298
298
298
298
298
298
298
298
298
298
298
298
298
298
298
298
298
298
298
298
298
298
298
298
298
298
298
298
298
298
298
298
298
298
298
298
298
298
298
298
298
298
298
298
298
298
298
298
298
298
298
298
298
298
298
298
298
298
298
298
298
298
298
298
298
298
298
298
298
298
298
298
298
298
298
298
298
298
298
298
298
298
298
298
298
298
298
298
298
298
298
298
298
298
298
298
298
298
298
298
298
298
298
298
298
298
298
298
298
298
298
298
298
298
298
298
298
297.999
298
298
298
298
298
298
298
298
298
298
298
298
298
298
298
298
298
298
298
298
298
298
298
298
298
298
298
298
298
298
298
298
298
298
298
298
298
298
298
298
298
298
298
298
298
298
298
298
298
)
;

boundaryField
{
    axis
    {
        type            empty;
    }
    back
    {
        type            zeroGradient;
    }
    wedge-right
    {
        type            wedge;
    }
    wedge-left
    {
        type            wedge;
    }
    outer
    {
        type            fixedGradient;
        gradient        nonuniform List<scalar> 
50
(
1367.02
1366.67
1365.33
1363.45
1361.11
1359.78
1356.76
1353.24
1349.21
1344.62
1339.47
1333.73
1327.37
1320.38
1312.74
1304.39
1295.21
1284.97
1273.59
1261.1
1247.48
1232.51
1215.49
1196.83
1178.11
1158.63
1138.08
1116.35
1093.37
1069.06
1043.38
1016.31
987.861
958.089
927.054
894.83
861.51
827.207
792.059
756.236
719.922
683.315
646.623
610.055
573.818
538.116
503.141
469.064
435.967
403.222
)
;
    }
    inner
    {
        type            fixedValue;
        value           uniform 298;
    }
}


// ************************************************************************* //
