# HEGEL:: NS convergence file - L2 norm of global residual
# nb_it  L2_glob_res
# 0  -0.307870E+01   0.399243E+00   0.399809E+00   0.358389E+01
       1   0.000000E+00   0.000000E+00   0.000000E+00   0.000000E+00
       2   0.275291E-01   0.378323E-02   0.445095E-02  -0.732466E-02
       3   0.597718E-01   0.122276E-01   0.136347E-01  -0.901543E-02
       4   0.950296E-01   0.239682E-01   0.262034E-01  -0.696995E-02
       5   0.132145E+00   0.382830E-01   0.414521E-01  -0.196417E-02
       6   0.170234E+00   0.546585E-01   0.588854E-01   0.557672E-02
       7   0.208600E+00   0.726552E-01   0.780818E-01   0.153363E-01
       8   0.246682E+00   0.918742E-01   0.986618E-01   0.270286E-01
       9   0.284033E+00   0.111951E+00   0.120283E+00   0.403781E-01
      10   0.320287E+00   0.132551E+00   0.142638E+00   0.551129E-01
      11   0.355159E+00   0.153370E+00   0.165451E+00   0.709600E-01
      12   0.388430E+00   0.174133E+00   0.188472E+00   0.876443E-01
      13   0.419944E+00   0.194594E+00   0.211482E+00   0.104892E+00
      14   0.449604E+00   0.214543E+00   0.234287E+00   0.122437E+00
      15   0.477357E+00   0.233807E+00   0.256721E+00   0.140030E+00
      16   0.503198E+00   0.252248E+00   0.278645E+00   0.157448E+00
      17   0.527148E+00   0.269761E+00   0.299943E+00   0.174494E+00
      18   0.549263E+00   0.286277E+00   0.320521E+00   0.191007E+00
      19   0.569610E+00   0.301749E+00   0.340303E+00   0.206856E+00
      20   0.588274E+00   0.316158E+00   0.359231E+00   0.221942E+00
      21   0.605351E+00   0.329504E+00   0.377261E+00   0.236198E+00
      22   0.620936E+00   0.341801E+00   0.394363E+00   0.249579E+00
      23   0.635125E+00   0.353077E+00   0.410515E+00   0.262062E+00
      24   0.648019E+00   0.363371E+00   0.425707E+00   0.273644E+00
      25   0.659708E+00   0.372728E+00   0.439936E+00   0.284342E+00
      26   0.670275E+00   0.381193E+00   0.453207E+00   0.294174E+00
      27   0.679799E+00   0.388816E+00   0.465532E+00   0.303170E+00
      28   0.688353E+00   0.395648E+00   0.476926E+00   0.311373E+00
      29   0.696002E+00   0.401739E+00   0.487413E+00   0.318825E+00
      30   0.702805E+00   0.407134E+00   0.497017E+00   0.325567E+00
      31   0.708810E+00   0.411877E+00   0.505767E+00   0.331640E+00
      32   0.714072E+00   0.416009E+00   0.513695E+00   0.337087E+00
      33   0.718638E+00   0.419565E+00   0.520836E+00   0.341947E+00
      34   0.722542E+00   0.422578E+00   0.527226E+00   0.346251E+00
      35   0.725822E+00   0.425076E+00   0.532904E+00   0.350030E+00
      36   0.728525E+00   0.427084E+00   0.537906E+00   0.353314E+00
      37   0.730667E+00   0.428628E+00   0.542272E+00   0.356123E+00
      38   0.732297E+00   0.429718E+00   0.546038E+00   0.358477E+00
      39   0.733426E+00   0.430379E+00   0.549241E+00   0.360391E+00
      40   0.734096E+00   0.430621E+00   0.551919E+00   0.361879E+00
      41   0.734334E+00   0.430459E+00   0.554110E+00   0.362950E+00
      42   0.734160E+00   0.429908E+00   0.555842E+00   0.363616E+00
      43   0.733590E+00   0.428962E+00   0.557145E+00   0.363872E+00
      44   0.732671E+00   0.427650E+00   0.558056E+00   0.363739E+00
      45   0.731407E+00   0.425983E+00   0.558592E+00   0.363229E+00
      46   0.729821E+00   0.423960E+00   0.558782E+00   0.362337E+00
      47   0.727945E+00   0.421598E+00   0.558648E+00   0.361066E+00
      48   0.725791E+00   0.418901E+00   0.558199E+00   0.359409E+00
      49   0.723398E+00   0.415927E+00   0.557472E+00   0.357475E+00
      50   0.720748E+00   0.412607E+00   0.556458E+00   0.355086E+00
      51   0.717875E+00   0.409033E+00   0.555182E+00   0.352512E+00
      52   0.714745E+00   0.405141E+00   0.553616E+00   0.349616E+00
      53   0.711399E+00   0.400941E+00   0.551788E+00   0.346332E+00
      54   0.707835E+00   0.396445E+00   0.549699E+00   0.342712E+00
      55   0.704043E+00   0.391653E+00   0.547345E+00   0.338776E+00
      56   0.700024E+00   0.386572E+00   0.544718E+00   0.334551E+00
      57   0.695855E+00   0.381281E+00   0.541861E+00   0.330098E+00
      58   0.691445E+00   0.375689E+00   0.538712E+00   0.325359E+00
      59   0.686732E+00   0.369729E+00   0.535240E+00   0.320257E+00
      60   0.681627E+00   0.363309E+00   0.531416E+00   0.314680E+00
      61   0.676053E+00   0.356372E+00   0.527249E+00   0.308545E+00
      62   0.670104E+00   0.349061E+00   0.522843E+00   0.301993E+00
      63   0.664274E+00   0.341927E+00   0.518433E+00   0.295609E+00
      64   0.659574E+00   0.335928E+00   0.514357E+00   0.290297E+00
      65   0.655679E+00   0.330507E+00   0.510137E+00   0.285473E+00
      66   0.650353E+00   0.323513E+00   0.504699E+00   0.279521E+00
      67   0.641973E+00   0.313417E+00   0.497977E+00   0.270288E+00
      68   0.633291E+00   0.303440E+00   0.491872E+00   0.260956E+00
      69   0.629449E+00   0.298451E+00   0.487816E+00   0.256582E+00
      70   0.626625E+00   0.293793E+00   0.482566E+00   0.252809E+00
      71   0.616552E+00   0.281727E+00   0.473896E+00   0.241694E+00
      72   0.606756E+00   0.270916E+00   0.467372E+00   0.231484E+00
      73   0.606553E+00   0.269367E+00   0.464101E+00   0.230504E+00
      74   0.599053E+00   0.259569E+00   0.455039E+00   0.221930E+00
      75   0.585800E+00   0.245169E+00   0.446448E+00   0.208098E+00
      76   0.586885E+00   0.245139E+00   0.444025E+00   0.208652E+00
      77   0.578195E+00   0.233933E+00   0.433360E+00   0.198659E+00
      78   0.565108E+00   0.220132E+00   0.425439E+00   0.185406E+00
      79   0.568995E+00   0.222415E+00   0.422809E+00   0.188473E+00
      80   0.552663E+00   0.203751E+00   0.408797E+00   0.170732E+00
      81   0.549416E+00   0.200306E+00   0.406406E+00   0.167880E+00
      82   0.545574E+00   0.193691E+00   0.396476E+00   0.162355E+00
      83   0.529218E+00   0.176796E+00   0.386993E+00   0.145990E+00
      84   0.535841E+00   0.181551E+00   0.384644E+00   0.151644E+00
      85   0.513882E+00   0.157886E+00   0.368748E+00   0.128684E+00
      86   0.521689E+00   0.164938E+00   0.370275E+00   0.136458E+00
      87   0.501241E+00   0.141960E+00   0.351979E+00   0.114396E+00
      88   0.505689E+00   0.146377E+00   0.354060E+00   0.119460E+00
      89   0.488915E+00   0.126670E+00   0.335865E+00   0.100685E+00
      90   0.490324E+00   0.128370E+00   0.337539E+00   0.103006E+00
      91   0.475589E+00   0.110563E+00   0.319533E+00   0.860923E-01
      92   0.476636E+00   0.112015E+00   0.321554E+00   0.881753E-01
      93   0.460616E+00   0.929245E-01   0.302427E+00   0.699250E-01
      94   0.464837E+00   0.975357E-01   0.306297E+00   0.751968E-01
      95   0.444039E+00   0.738480E-01   0.284716E+00   0.522856E-01
      96   0.454411E+00   0.843513E-01   0.291271E+00   0.634978E-01
      97   0.427089E+00   0.546900E-01   0.267534E+00   0.345393E-01
      98   0.443379E+00   0.703995E-01   0.274978E+00   0.510080E-01
      99   0.412994E+00   0.387408E-01   0.253015E+00   0.199929E-01
     100   0.428096E+00   0.520424E-01   0.255232E+00   0.340446E-01
     101   0.405632E+00   0.296123E-01   0.242659E+00   0.122678E-01
     102   0.405615E+00   0.266446E-01   0.231433E+00   0.994714E-02
     103   0.403753E+00   0.254818E-01   0.233799E+00   0.950606E-02
     104   0.379486E+00  -0.154836E-02   0.208393E+00  -0.169888E-01
     105   0.398263E+00   0.171068E-01   0.219802E+00   0.240057E-02
     106   0.365516E+00  -0.165484E-01   0.196475E+00  -0.306937E-01
     107   0.377908E+00  -0.641037E-02   0.195165E+00  -0.199846E-01
     108   0.369585E+00  -0.141131E-01   0.193652E+00  -0.269728E-01
     109   0.346461E+00  -0.399954E-01   0.167874E+00  -0.524378E-01
     110   0.367555E+00  -0.190638E-01   0.181191E+00  -0.308024E-01
     111   0.335648E+00  -0.514196E-01   0.159626E+00  -0.626421E-01
     112   0.340088E+00  -0.495933E-01   0.151520E+00  -0.604329E-01
     113   0.346378E+00  -0.427110E-01   0.159668E+00  -0.527918E-01
     114   0.310461E+00  -0.803288E-01   0.129250E+00  -0.900762E-01
     115   0.331333E+00  -0.609756E-01   0.136553E+00  -0.702901E-01
     116   0.321782E+00  -0.700038E-01   0.134334E+00  -0.786446E-01
     117   0.293468E+00  -0.100721E+00   0.105273E+00  -0.109140E+00
     118   0.318456E+00  -0.764654E-01   0.119365E+00  -0.843649E-01
     119   0.298800E+00  -0.958470E-01   0.109177E+00  -0.103200E+00
     120   0.278015E+00  -0.119241E+00   0.838402E-01  -0.126475E+00
     121   0.303206E+00  -0.944678E-01   0.100189E+00  -0.101136E+00
     122   0.279718E+00  -0.117836E+00   0.866403E-01  -0.124049E+00
     123   0.261203E+00  -0.138963E+00   0.626168E-01  -0.145146E+00
     124   0.286967E+00  -0.113644E+00   0.797703E-01  -0.119287E+00
     125   0.265292E+00  -0.135207E+00   0.676832E-01  -0.140418E+00
     126   0.242724E+00  -0.160306E+00   0.412153E-01  -0.165549E+00
     127   0.269455E+00  -0.134334E+00   0.578946E-01  -0.139157E+00
     128   0.255490E+00  -0.148118E+00   0.521263E-01  -0.152456E+00
     129   0.224168E+00  -0.181709E+00   0.209402E-01  -0.186077E+00
     130   0.249000E+00  -0.158243E+00   0.335724E-01  -0.162434E+00
     131   0.248673E+00  -0.158397E+00   0.382080E-01  -0.161981E+00
     132   0.209694E+00  -0.199040E+00   0.486834E-02  -0.202571E+00
     133   0.224038E+00  -0.186892E+00   0.640571E-02  -0.190563E+00
     134   0.240227E+00  -0.170790E+00   0.219817E-01  -0.173750E+00
     135   0.205242E+00  -0.206621E+00  -0.360105E-02  -0.209416E+00
     136   0.196583E+00  -0.218112E+00  -0.206575E-01  -0.221211E+00
     137   0.224133E+00  -0.191422E+00  -0.885509E-03  -0.194050E+00
     138   0.210915E+00  -0.204976E+00  -0.654171E-02  -0.207187E+00
     139   0.176550E+00  -0.241829E+00  -0.392942E-01  -0.244117E+00
     140   0.196613E+00  -0.223994E+00  -0.316785E-01  -0.226427E+00
     141   0.211661E+00  -0.209431E+00  -0.165011E-01  -0.211143E+00
     142   0.177540E+00  -0.244848E+00  -0.419028E-01  -0.246347E+00
     143   0.164817E+00  -0.260824E+00  -0.617569E-01  -0.262700E+00
     144   0.193255E+00  -0.233995E+00  -0.426839E-01  -0.235557E+00
     145   0.192220E+00  -0.235793E+00  -0.389406E-01  -0.236797E+00
     146   0.153779E+00  -0.276668E+00  -0.719815E-01  -0.277507E+00
     147   0.158492E+00  -0.275339E+00  -0.783289E-01  -0.276604E+00
     148   0.185521E+00  -0.249809E+00  -0.572261E-01  -0.250434E+00
     149   0.173285E+00  -0.263309E+00  -0.628742E-01  -0.263504E+00
     150   0.138186E+00  -0.301740E+00  -0.960662E-01  -0.301850E+00
     151   0.151410E+00  -0.292065E+00  -0.949118E-01  -0.292517E+00
     152   0.176458E+00  -0.268784E+00  -0.741491E-01  -0.268457E+00
     153   0.160115E+00  -0.286929E+00  -0.838073E-01  -0.286139E+00
     154   0.127487E+00  -0.323540E+00  -0.116170E+00  -0.322643E+00
     155   0.142316E+00  -0.312728E+00  -0.113632E+00  -0.312114E+00
     156   0.167903E+00  -0.289432E+00  -0.925923E-01  -0.287984E+00
     157   0.154184E+00  -0.305435E+00  -0.100415E+00  -0.303428E+00
     158   0.120929E+00  -0.343162E+00  -0.133046E+00  -0.340845E+00
     159   0.131565E+00  -0.337367E+00  -0.134687E+00  -0.335329E+00
     160   0.159661E+00  -0.312366E+00  -0.113097E+00  -0.309472E+00
     161   0.155105E+00  -0.319675E+00  -0.113446E+00  -0.316135E+00
     162   0.120800E+00  -0.358740E+00  -0.145356E+00  -0.354485E+00
     163   0.120725E+00  -0.364760E+00  -0.156653E+00  -0.360712E+00
     164   0.149946E+00  -0.339871E+00  -0.137269E+00  -0.335034E+00
     165   0.160160E+00  -0.333060E+00  -0.126042E+00  -0.327503E+00
     166   0.130912E+00  -0.367121E+00  -0.151175E+00  -0.360371E+00
     167   0.114468E+00  -0.390576E+00  -0.175271E+00  -0.383582E+00
     168   0.137685E+00  -0.373541E+00  -0.165444E+00  -0.365986E+00
     169   0.163174E+00  -0.352640E+00  -0.144242E+00  -0.344193E+00
     170   0.151465E+00  -0.369274E+00  -0.152461E+00  -0.359461E+00
     171   0.122210E+00  -0.405999E+00  -0.183473E+00  -0.394883E+00
     172   0.127035E+00  -0.409665E+00  -0.192560E+00  -0.398045E+00
     173   0.157726E+00  -0.385786E+00  -0.173254E+00  -0.372959E+00
     174   0.172666E+00  -0.376640E+00  -0.159493E+00  -0.362707E+00
     175   0.150986E+00  -0.405625E+00  -0.179146E+00  -0.389358E+00
     176   0.131350E+00  -0.435462E+00  -0.206705E+00  -0.417529E+00
     177   0.147339E+00  -0.429840E+00  -0.207425E+00  -0.410397E+00
     178   0.180594E+00  -0.404909E+00  -0.184434E+00  -0.384214E+00
     179   0.189473E+00  -0.404058E+00  -0.176672E+00  -0.381157E+00
     180   0.167663E+00  -0.436286E+00  -0.199207E+00  -0.409757E+00
     181   0.154789E+00  -0.463027E+00  -0.224561E+00  -0.433447E+00
     182   0.175917E+00  -0.455683E+00  -0.223030E+00  -0.423368E+00
     183   0.211507E+00  -0.431663E+00  -0.199356E+00  -0.397526E+00
     184   0.223068E+00  -0.431750E+00  -0.191205E+00  -0.393531E+00
     185   0.207100E+00  -0.462972E+00  -0.211071E+00  -0.418293E+00
     186   0.196915E+00  -0.493943E+00  -0.237942E+00  -0.442191E+00
     187   0.220392E+00  -0.491769E+00  -0.239984E+00  -0.434336E+00
     188   0.261252E+00  -0.469952E+00  -0.217716E+00  -0.408020E+00
     189   0.285829E+00  -0.464919E+00  -0.203134E+00  -0.394574E+00
     190   0.284973E+00  -0.493401E+00  -0.214950E+00  -0.408558E+00
     191   0.281134E+00  -0.540814E+00  -0.245828E+00  -0.434424E+00
     192   0.308010E+00  -0.566843E+00  -0.262771E+00  -0.437039E+00
     193   0.360397E+00  -0.568633E+00  -0.253850E+00  -0.414094E+00
     194   0.420902E+00  -0.560711E+00  -0.229938E+00  -0.375806E+00
     195   0.482232E+00  -0.556416E+00  -0.201729E+00  -0.331707E+00
     196   0.539556E+00  -0.572099E+00  -0.179328E+00  -0.290755E+00
     197   0.587437E+00  -0.607654E+00  -0.161707E+00  -0.257127E+00
     198   0.631408E+00  -0.652715E+00  -0.141489E+00  -0.226860E+00
     199   0.684334E+00  -0.695889E+00  -0.111012E+00  -0.187595E+00
     200   0.737239E+00  -0.720985E+00  -0.744731E-01  -0.142571E+00
     201   0.781363E+00  -0.687217E+00  -0.474707E-01  -0.981922E-01
     202   0.808487E+00  -0.645147E+00  -0.377051E-01  -0.732718E-01
     203   0.819412E+00  -0.579258E+00  -0.429158E-01  -0.670640E-01
     204   0.816943E+00  -0.503285E+00  -0.597486E-01  -0.736130E-01
     205   0.802464E+00  -0.439419E+00  -0.854075E-01  -0.901306E-01
     206   0.775575E+00  -0.394589E+00  -0.117255E+00  -0.116146E+00
     207   0.735529E+00  -0.369928E+00  -0.151167E+00  -0.150846E+00
     208   0.683079E+00  -0.365688E+00  -0.180225E+00  -0.190780E+00
     209   0.622872E+00  -0.381814E+00  -0.196417E+00  -0.228525E+00
     210   0.565647E+00  -0.417422E+00  -0.196376E+00  -0.254682E+00
     211   0.525170E+00  -0.469516E+00  -0.185476E+00  -0.265011E+00
     212   0.513037E+00  -0.519780E+00  -0.173903E+00  -0.262146E+00
     213   0.508235E+00  -0.571804E+00  -0.169500E+00  -0.259739E+00
     214   0.507380E+00  -0.603189E+00  -0.173854E+00  -0.260581E+00
     215   0.501707E+00  -0.616466E+00  -0.178042E+00  -0.262516E+00
     216   0.488412E+00  -0.625269E+00  -0.181066E+00  -0.266940E+00
     217   0.472611E+00  -0.636840E+00  -0.187879E+00  -0.275105E+00
     218   0.454429E+00  -0.649045E+00  -0.201198E+00  -0.288651E+00
     219   0.431365E+00  -0.659158E+00  -0.220829E+00  -0.308205E+00
     220   0.403350E+00  -0.668199E+00  -0.243697E+00  -0.331779E+00
     221   0.373333E+00  -0.678539E+00  -0.264640E+00  -0.355205E+00
     222   0.345231E+00  -0.691092E+00  -0.278769E+00  -0.374142E+00
     223   0.322190E+00  -0.705631E+00  -0.284102E+00  -0.386102E+00
     224   0.306531E+00  -0.723021E+00  -0.281006E+00  -0.390366E+00
     225   0.299797E+00  -0.744099E+00  -0.272651E+00  -0.388329E+00
     226   0.299453E+00  -0.767114E+00  -0.264873E+00  -0.384587E+00
     227   0.300459E+00  -0.788853E+00  -0.260003E+00  -0.382110E+00
     228   0.299433E+00  -0.808011E+00  -0.259871E+00  -0.382994E+00
     229   0.293599E+00  -0.823313E+00  -0.264704E+00  -0.388347E+00
     230   0.281393E+00  -0.837185E+00  -0.275258E+00  -0.399075E+00
     231   0.262562E+00  -0.849579E+00  -0.290996E+00  -0.414943E+00
     232   0.237995E+00  -0.861585E+00  -0.310633E+00  -0.434889E+00
     233   0.209492E+00  -0.874619E+00  -0.332341E+00  -0.457239E+00
     234   0.179341E+00  -0.889458E+00  -0.353872E+00  -0.479929E+00
     235   0.149981E+00  -0.906004E+00  -0.372917E+00  -0.500813E+00
     236   0.123578E+00  -0.923460E+00  -0.387724E+00  -0.518174E+00
     237   0.101722E+00  -0.940749E+00  -0.397555E+00  -0.531065E+00
     238   0.849938E-01  -0.957051E+00  -0.402858E+00  -0.539569E+00
     239   0.732842E-01  -0.972291E+00  -0.403960E+00  -0.543911E+00
     240   0.656711E-01  -0.986341E+00  -0.402684E+00  -0.545490E+00
     241   0.604408E-01  -0.999146E+00  -0.401119E+00  -0.546105E+00
     242   0.561550E-01  -0.101089E+01  -0.400383E+00  -0.546855E+00
     243   0.519172E-01  -0.102179E+01  -0.401156E+00  -0.548430E+00
     244   0.470653E-01  -0.103186E+01  -0.403907E+00  -0.551364E+00
     245   0.409895E-01  -0.104083E+01  -0.408951E+00  -0.556066E+00
     246   0.335558E-01  -0.104886E+01  -0.415940E+00  -0.562389E+00
     247   0.246664E-01  -0.105627E+01  -0.424745E+00  -0.570292E+00
     248   0.143746E-01  -0.106328E+01  -0.435037E+00  -0.579566E+00
     249   0.289526E-02  -0.107015E+01  -0.446290E+00  -0.589827E+00
     250  -0.940637E-02  -0.107718E+01  -0.457847E+00  -0.600557E+00
     251  -0.220489E-01  -0.108463E+01  -0.468994E+00  -0.611162E+00
     252  -0.344910E-01  -0.109267E+01  -0.479059E+00  -0.621051E+00
     253  -0.462605E-01  -0.110137E+01  -0.487552E+00  -0.629773E+00
     254  -0.568460E-01  -0.111068E+01  -0.494148E+00  -0.636942E+00
     255  -0.659399E-01  -0.112050E+01  -0.498825E+00  -0.642436E+00
     256  -0.732575E-01  -0.113101E+01  -0.501055E+00  -0.645827E+00
     257  -0.787046E-01  -0.114187E+01  -0.501628E+00  -0.647591E+00
     258  -0.826449E-01  -0.115274E+01  -0.501415E+00  -0.648394E+00
     259  -0.856650E-01  -0.116339E+01  -0.501083E+00  -0.648842E+00
     260  -0.882562E-01  -0.117353E+01  -0.501107E+00  -0.649352E+00
     261  -0.909237E-01  -0.118308E+01  -0.501864E+00  -0.650313E+00
     262  -0.940988E-01  -0.119202E+01  -0.503737E+00  -0.652110E+00
     263  -0.980221E-01  -0.120037E+01  -0.506854E+00  -0.654913E+00
     264  -0.102761E+00  -0.120812E+01  -0.511084E+00  -0.658676E+00
     265  -0.108390E+00  -0.121521E+01  -0.516347E+00  -0.663382E+00
     266  -0.114944E+00  -0.122182E+01  -0.522564E+00  -0.668992E+00
     267  -0.122398E+00  -0.122814E+01  -0.529623E+00  -0.675427E+00
     268  -0.130662E+00  -0.123435E+01  -0.537341E+00  -0.682540E+00
     269  -0.139577E+00  -0.124061E+01  -0.545468E+00  -0.690116E+00
     270  -0.148924E+00  -0.124703E+01  -0.553703E+00  -0.697892E+00
     271  -0.158489E+00  -0.125377E+01  -0.561752E+00  -0.705609E+00
     272  -0.167960E+00  -0.126090E+01  -0.569288E+00  -0.712946E+00
     273  -0.177045E+00  -0.126844E+01  -0.576044E+00  -0.719626E+00
     274  -0.185510E+00  -0.127637E+01  -0.581847E+00  -0.725462E+00
     275  -0.193153E+00  -0.128486E+01  -0.586284E+00  -0.730110E+00
     276  -0.199701E+00  -0.129372E+01  -0.589414E+00  -0.733531E+00
     277  -0.205149E+00  -0.130271E+01  -0.591577E+00  -0.735970E+00
     278  -0.209621E+00  -0.131167E+01  -0.593048E+00  -0.737652E+00
     279  -0.213353E+00  -0.132048E+01  -0.594143E+00  -0.738869E+00
     280  -0.216532E+00  -0.132898E+01  -0.595105E+00  -0.739833E+00
     281  -0.219397E+00  -0.133707E+01  -0.596170E+00  -0.740770E+00
     282  -0.222178E+00  -0.134471E+01  -0.597529E+00  -0.741880E+00
     283  -0.225124E+00  -0.135187E+01  -0.599433E+00  -0.743409E+00
     284  -0.228368E+00  -0.135861E+01  -0.601946E+00  -0.745442E+00
     285  -0.231972E+00  -0.136497E+01  -0.605048E+00  -0.747986E+00
     286  -0.235992E+00  -0.137094E+01  -0.608732E+00  -0.751055E+00
     287  -0.240464E+00  -0.137651E+01  -0.612965E+00  -0.754641E+00
     288  -0.245403E+00  -0.138174E+01  -0.617699E+00  -0.758715E+00
     289  -0.250805E+00  -0.138672E+01  -0.622879E+00  -0.763233E+00
     290  -0.256641E+00  -0.139157E+01  -0.628430E+00  -0.768133E+00
     291  -0.262856E+00  -0.139641E+01  -0.634253E+00  -0.773326E+00
     292  -0.269365E+00  -0.140131E+01  -0.640226E+00  -0.778701E+00
     293  -0.276082E+00  -0.140636E+01  -0.646224E+00  -0.784147E+00
     294  -0.282880E+00  -0.141163E+01  -0.652096E+00  -0.789517E+00
     295  -0.289599E+00  -0.141716E+01  -0.657681E+00  -0.794646E+00
     296  -0.296111E+00  -0.142299E+01  -0.662857E+00  -0.799409E+00
     297  -0.302301E+00  -0.142910E+01  -0.667528E+00  -0.803707E+00
     298  -0.308070E+00  -0.143562E+01  -0.671484E+00  -0.807357E+00
     299  -0.313257E+00  -0.144249E+01  -0.674649E+00  -0.810264E+00
     300  -0.317821E+00  -0.144955E+01  -0.677184E+00  -0.812544E+00
     301  -0.321795E+00  -0.145669E+01  -0.679197E+00  -0.814288E+00
     302  -0.325246E+00  -0.146383E+01  -0.680816E+00  -0.815609E+00
     303  -0.328291E+00  -0.147090E+01  -0.682191E+00  -0.816651E+00
     304  -0.331019E+00  -0.147782E+01  -0.683443E+00  -0.817528E+00
     305  -0.333529E+00  -0.148451E+01  -0.684686E+00  -0.818344E+00
     306  -0.335932E+00  -0.149093E+01  -0.686026E+00  -0.819209E+00
     307  -0.338331E+00  -0.149705E+01  -0.687552E+00  -0.820215E+00
     308  -0.340846E+00  -0.150282E+01  -0.689380E+00  -0.821478E+00
     309  -0.343567E+00  -0.150824E+01  -0.691577E+00  -0.823070E+00
     310  -0.346515E+00  -0.151336E+01  -0.694112E+00  -0.824970E+00
     311  -0.349721E+00  -0.151820E+01  -0.696985E+00  -0.827188E+00
     312  -0.353206E+00  -0.152278E+01  -0.700184E+00  -0.829719E+00
     313  -0.356976E+00  -0.152713E+01  -0.703686E+00  -0.832546E+00
     314  -0.361024E+00  -0.153130E+01  -0.707455E+00  -0.835641E+00
     315  -0.365335E+00  -0.153532E+01  -0.711448E+00  -0.838964E+00
     316  -0.369878E+00  -0.153928E+01  -0.715611E+00  -0.842467E+00
     317  -0.374612E+00  -0.154324E+01  -0.719883E+00  -0.846094E+00
     318  -0.379488E+00  -0.154726E+01  -0.724197E+00  -0.849777E+00
     319  -0.384444E+00  -0.155140E+01  -0.728479E+00  -0.853449E+00
     320  -0.389415E+00  -0.155570E+01  -0.732657E+00  -0.857035E+00
     321  -0.394352E+00  -0.156021E+01  -0.736672E+00  -0.860485E+00
     322  -0.399166E+00  -0.156495E+01  -0.740451E+00  -0.863718E+00
     323  -0.403796E+00  -0.156991E+01  -0.743942E+00  -0.866680E+00
     324  -0.408192E+00  -0.157510E+01  -0.747114E+00  -0.869337E+00
     325  -0.412317E+00  -0.158048E+01  -0.749953E+00  -0.871673E+00
     326  -0.416152E+00  -0.158603E+01  -0.752463E+00  -0.873687E+00
     327  -0.419641E+00  -0.159180E+01  -0.754526E+00  -0.875273E+00
     328  -0.422785E+00  -0.159769E+01  -0.756236E+00  -0.876515E+00
     329  -0.425631E+00  -0.160361E+01  -0.757705E+00  -0.877516E+00
     330  -0.428222E+00  -0.160949E+01  -0.759003E+00  -0.878339E+00
     331  -0.430615E+00  -0.161526E+01  -0.760197E+00  -0.879047E+00
     332  -0.432863E+00  -0.162089E+01  -0.761354E+00  -0.879705E+00
     333  -0.435030E+00  -0.162633E+01  -0.762536E+00  -0.880374E+00
     334  -0.437169E+00  -0.163154E+01  -0.763793E+00  -0.881106E+00
     335  -0.439320E+00  -0.163650E+01  -0.765163E+00  -0.881934E+00
     336  -0.441525E+00  -0.164118E+01  -0.766678E+00  -0.882895E+00
     337  -0.443822E+00  -0.164557E+01  -0.768363E+00  -0.884011E+00
     338  -0.446239E+00  -0.164968E+01  -0.770230E+00  -0.885300E+00
     339  -0.448795E+00  -0.165353E+01  -0.772285E+00  -0.886768E+00
     340  -0.451501E+00  -0.165714E+01  -0.774521E+00  -0.888411E+00
     341  -0.454370E+00  -0.166053E+01  -0.776939E+00  -0.890230E+00
     342  -0.457403E+00  -0.166374E+01  -0.779526E+00  -0.892213E+00
     343  -0.460563E+00  -0.166682E+01  -0.782222E+00  -0.894307E+00
     344  -0.463826E+00  -0.166984E+01  -0.784991E+00  -0.896478E+00
     345  -0.467164E+00  -0.167283E+01  -0.787794E+00  -0.898689E+00
     346  -0.470544E+00  -0.167585E+01  -0.790590E+00  -0.900901E+00
     347  -0.473930E+00  -0.167892E+01  -0.793339E+00  -0.903076E+00
     348  -0.477286E+00  -0.168208E+01  -0.796001E+00  -0.905175E+00
     349  -0.480576E+00  -0.168536E+01  -0.798541E+00  -0.907165E+00
     350  -0.483766E+00  -0.168876E+01  -0.800930E+00  -0.909016E+00
     351  -0.486827E+00  -0.169230E+01  -0.803144E+00  -0.910706E+00
     352  -0.489735E+00  -0.169598E+01  -0.805168E+00  -0.912220E+00
     353  -0.492473E+00  -0.169977E+01  -0.806997E+00  -0.913550E+00
     354  -0.495032E+00  -0.170367E+01  -0.808631E+00  -0.914697E+00
     355  -0.497408E+00  -0.170764E+01  -0.810079E+00  -0.915668E+00
     356  -0.499606E+00  -0.171167E+01  -0.811358E+00  -0.916479E+00
     357  -0.501634E+00  -0.171571E+01  -0.812486E+00  -0.917148E+00
     358  -0.503509E+00  -0.171973E+01  -0.813490E+00  -0.917699E+00
     359  -0.505250E+00  -0.172369E+01  -0.814395E+00  -0.918156E+00
     360  -0.506877E+00  -0.172757E+01  -0.815229E+00  -0.918546E+00
     361  -0.508414E+00  -0.173134E+01  -0.816019E+00  -0.918895E+00
     362  -0.509884E+00  -0.173496E+01  -0.816791E+00  -0.919228E+00
     363  -0.511312E+00  -0.173841E+01  -0.817568E+00  -0.919568E+00
     364  -0.512718E+00  -0.174167E+01  -0.818370E+00  -0.919934E+00
     365  -0.514121E+00  -0.174472E+01  -0.819214E+00  -0.920343E+00
     366  -0.515539E+00  -0.174755E+01  -0.820113E+00  -0.920807E+00
     367  -0.516983E+00  -0.175015E+01  -0.821074E+00  -0.921334E+00
     368  -0.518463E+00  -0.175254E+01  -0.822100E+00  -0.921928E+00
     369  -0.519984E+00  -0.175471E+01  -0.823191E+00  -0.922588E+00
     370  -0.521545E+00  -0.175670E+01  -0.824339E+00  -0.923308E+00
     371  -0.523142E+00  -0.175853E+01  -0.825535E+00  -0.924080E+00
     372  -0.524769E+00  -0.176021E+01  -0.826766E+00  -0.924891E+00
     373  -0.526414E+00  -0.176178E+01  -0.828014E+00  -0.925725E+00
     374  -0.528063E+00  -0.176327E+01  -0.829263E+00  -0.926567E+00
     375  -0.529701E+00  -0.176471E+01  -0.830492E+00  -0.927397E+00
     376  -0.531311E+00  -0.176612E+01  -0.831684E+00  -0.928198E+00
     377  -0.532877E+00  -0.176752E+01  -0.832820E+00  -0.928954E+00
     378  -0.534383E+00  -0.176894E+01  -0.833884E+00  -0.929657E+00
     379  -0.535818E+00  -0.177038E+01  -0.834864E+00  -0.930288E+00
     380  -0.537160E+00  -0.177184E+01  -0.835740E+00  -0.930836E+00
     381  -0.538402E+00  -0.177332E+01  -0.836508E+00  -0.931292E+00
     382  -0.539548E+00  -0.177482E+01  -0.837175E+00  -0.931659E+00
     383  -0.540595E+00  -0.177633E+01  -0.837745E+00  -0.931936E+00
     384  -0.541547E+00  -0.177784E+01  -0.838220E+00  -0.932130E+00
     385  -0.542405E+00  -0.177934E+01  -0.838609E+00  -0.932246E+00
     386  -0.543175E+00  -0.178081E+01  -0.838922E+00  -0.932294E+00
     387  -0.543866E+00  -0.178223E+01  -0.839171E+00  -0.932284E+00
     388  -0.544489E+00  -0.178360E+01  -0.839365E+00  -0.932227E+00
     389  -0.545052E+00  -0.178488E+01  -0.839519E+00  -0.932136E+00
     390  -0.545568E+00  -0.178608E+01  -0.839645E+00  -0.932021E+00
     391  -0.546046E+00  -0.178716E+01  -0.839754E+00  -0.931896E+00
     392  -0.546499E+00  -0.178813E+01  -0.839858E+00  -0.931768E+00
     393  -0.546937E+00  -0.178896E+01  -0.839966E+00  -0.931649E+00
     394  -0.547367E+00  -0.178966E+01  -0.840085E+00  -0.931545E+00
     395  -0.547797E+00  -0.179023E+01  -0.840222E+00  -0.931461E+00
     396  -0.548233E+00  -0.179065E+01  -0.840379E+00  -0.931402E+00
     397  -0.548679E+00  -0.179094E+01  -0.840559E+00  -0.931369E+00
     398  -0.549137E+00  -0.179109E+01  -0.840762E+00  -0.931364E+00
     399  -0.549608E+00  -0.179113E+01  -0.840985E+00  -0.931383E+00
     400  -0.550089E+00  -0.179105E+01  -0.841226E+00  -0.931423E+00
     401  -0.550580E+00  -0.179088E+01  -0.841479E+00  -0.931480E+00
     402  -0.551074E+00  -0.179063E+01  -0.841737E+00  -0.931548E+00
     403  -0.551568E+00  -0.179030E+01  -0.841994E+00  -0.931621E+00
     404  -0.552056E+00  -0.178991E+01  -0.842241E+00  -0.931690E+00
     405  -0.552531E+00  -0.178948E+01  -0.842473E+00  -0.931749E+00
     406  -0.552989E+00  -0.178901E+01  -0.842682E+00  -0.931792E+00
     407  -0.553422E+00  -0.178852E+01  -0.842861E+00  -0.931812E+00
     408  -0.553826E+00  -0.178801E+01  -0.843005E+00  -0.931805E+00
     409  -0.554197E+00  -0.178748E+01  -0.843111E+00  -0.931766E+00
     410  -0.554532E+00  -0.178694E+01  -0.843176E+00  -0.931692E+00
     411  -0.554830E+00  -0.178639E+01  -0.843199E+00  -0.931583E+00
     412  -0.555089E+00  -0.178583E+01  -0.843181E+00  -0.931439E+00
     413  -0.555310E+00  -0.178525E+01  -0.843123E+00  -0.931261E+00
     414  -0.555495E+00  -0.178465E+01  -0.843027E+00  -0.931052E+00
     415  -0.555648E+00  -0.178402E+01  -0.842899E+00  -0.930814E+00
     416  -0.555771E+00  -0.178337E+01  -0.842742E+00  -0.930553E+00
     417  -0.555869E+00  -0.178267E+01  -0.842561E+00  -0.930273E+00
     418  -0.555946E+00  -0.178194E+01  -0.842361E+00  -0.929979E+00
     419  -0.556008E+00  -0.178115E+01  -0.842148E+00  -0.929675E+00
     420  -0.556059E+00  -0.178031E+01  -0.841927E+00  -0.929366E+00
     421  -0.556104E+00  -0.177942E+01  -0.841701E+00  -0.929056E+00
     422  -0.556147E+00  -0.177847E+01  -0.841475E+00  -0.928749E+00
     423  -0.556192E+00  -0.177746E+01  -0.841251E+00  -0.928447E+00
     424  -0.556242E+00  -0.177638E+01  -0.841032E+00  -0.928153E+00
     425  -0.556299E+00  -0.177525E+01  -0.840819E+00  -0.927868E+00
     426  -0.556365E+00  -0.177406E+01  -0.840613E+00  -0.927592E+00
     427  -0.556441E+00  -0.177281E+01  -0.840413E+00  -0.927326E+00
     428  -0.556526E+00  -0.177152E+01  -0.840218E+00  -0.927068E+00
     429  -0.556621E+00  -0.177017E+01  -0.840027E+00  -0.926816E+00
     430  -0.556725E+00  -0.176879E+01  -0.839838E+00  -0.926569E+00
     431  -0.556834E+00  -0.176736E+01  -0.839647E+00  -0.926324E+00
     432  -0.556949E+00  -0.176591E+01  -0.839452E+00  -0.926078E+00
     433  -0.557066E+00  -0.176442E+01  -0.839250E+00  -0.925828E+00
     434  -0.557183E+00  -0.176292E+01  -0.839038E+00  -0.925572E+00
     435  -0.557298E+00  -0.176139E+01  -0.838814E+00  -0.925306E+00
     436  -0.557408E+00  -0.175985E+01  -0.838575E+00  -0.925029E+00
     437  -0.557513E+00  -0.175830E+01  -0.838320E+00  -0.924739E+00
     438  -0.557611E+00  -0.175674E+01  -0.838048E+00  -0.924434E+00
     439  -0.557700E+00  -0.175517E+01  -0.837758E+00  -0.924114E+00
     440  -0.557781E+00  -0.175359E+01  -0.837450E+00  -0.923779E+00
     441  -0.557853E+00  -0.175200E+01  -0.837125E+00  -0.923429E+00
     442  -0.557916E+00  -0.175040E+01  -0.836783E+00  -0.923065E+00
     443  -0.557973E+00  -0.174879E+01  -0.836427E+00  -0.922689E+00
     444  -0.558023E+00  -0.174718E+01  -0.836057E+00  -0.922301E+00
     445  -0.558068E+00  -0.174554E+01  -0.835677E+00  -0.921903E+00
     446  -0.558110E+00  -0.174390E+01  -0.835287E+00  -0.921498E+00
     447  -0.558150E+00  -0.174224E+01  -0.834891E+00  -0.921087E+00
     448  -0.558191E+00  -0.174057E+01  -0.834489E+00  -0.920672E+00
     449  -0.558233E+00  -0.173888E+01  -0.834083E+00  -0.920254E+00
     450  -0.558278E+00  -0.173718E+01  -0.833675E+00  -0.919835E+00
     451  -0.558328E+00  -0.173546E+01  -0.833266E+00  -0.919416E+00
     452  -0.558383E+00  -0.173373E+01  -0.832856E+00  -0.918997E+00
     453  -0.558443E+00  -0.173199E+01  -0.832446E+00  -0.918578E+00
     454  -0.558510E+00  -0.173023E+01  -0.832035E+00  -0.918159E+00
     455  -0.558584E+00  -0.172846E+01  -0.831624E+00  -0.917741E+00
     456  -0.558663E+00  -0.172669E+01  -0.831210E+00  -0.917321E+00
     457  -0.558748E+00  -0.172491E+01  -0.830795E+00  -0.916900E+00
     458  -0.558838E+00  -0.172312E+01  -0.830376E+00  -0.916476E+00
     459  -0.558932E+00  -0.172133E+01  -0.829952E+00  -0.916049E+00
     460  -0.559030E+00  -0.171954E+01  -0.829522E+00  -0.915617E+00
     461  -0.559130E+00  -0.171775E+01  -0.829086E+00  -0.915178E+00
     462  -0.559232E+00  -0.171597E+01  -0.828642E+00  -0.914733E+00
     463  -0.559334E+00  -0.171419E+01  -0.828190E+00  -0.914280E+00
     464  -0.559437E+00  -0.171241E+01  -0.827729E+00  -0.913819E+00
     465  -0.559539E+00  -0.171064E+01  -0.827259E+00  -0.913350E+00
     466  -0.559641E+00  -0.170887E+01  -0.826780E+00  -0.912871E+00
     467  -0.559742E+00  -0.170711E+01  -0.826292E+00  -0.912385E+00
     468  -0.559842E+00  -0.170535E+01  -0.825795E+00  -0.911889E+00
     469  -0.559941E+00  -0.170360E+01  -0.825290E+00  -0.911386E+00
     470  -0.560040E+00  -0.170186E+01  -0.824778E+00  -0.910876E+00
     471  -0.560139E+00  -0.170013E+01  -0.824259E+00  -0.910359E+00
     472  -0.560237E+00  -0.169840E+01  -0.823734E+00  -0.909836E+00
     473  -0.560337E+00  -0.169667E+01  -0.823204E+00  -0.909308E+00
     474  -0.560437E+00  -0.169495E+01  -0.822669E+00  -0.908775E+00
     475  -0.560539E+00  -0.169324E+01  -0.822131E+00  -0.908237E+00
     476  -0.560643E+00  -0.169153E+01  -0.821589E+00  -0.907696E+00
     477  -0.560748E+00  -0.168982E+01  -0.821044E+00  -0.907152E+00
     478  -0.560856E+00  -0.168812E+01  -0.820495E+00  -0.906604E+00
     479  -0.560966E+00  -0.168643E+01  -0.819944E+00  -0.906053E+00
     480  -0.561077E+00  -0.168475E+01  -0.819389E+00  -0.905498E+00
     481  -0.561190E+00  -0.168307E+01  -0.818831E+00  -0.904939E+00
     482  -0.561305E+00  -0.168140E+01  -0.818269E+00  -0.904376E+00
     483  -0.561421E+00  -0.167974E+01  -0.817703E+00  -0.903808E+00
     484  -0.561538E+00  -0.167809E+01  -0.817132E+00  -0.903235E+00
     485  -0.561655E+00  -0.167645E+01  -0.816556E+00  -0.902657E+00
     486  -0.561772E+00  -0.167482E+01  -0.815975E+00  -0.902073E+00
     487  -0.561889E+00  -0.167320E+01  -0.815387E+00  -0.901484E+00
     488  -0.562005E+00  -0.167159E+01  -0.814795E+00  -0.900887E+00
     489  -0.562120E+00  -0.166999E+01  -0.814196E+00  -0.900285E+00
     490  -0.562234E+00  -0.166840E+01  -0.813591E+00  -0.899676E+00
     491  -0.562347E+00  -0.166682E+01  -0.812980E+00  -0.899061E+00
     492  -0.562459E+00  -0.166526E+01  -0.812363E+00  -0.898440E+00
     493  -0.562569E+00  -0.166370E+01  -0.811742E+00  -0.897812E+00
     494  -0.562678E+00  -0.166216E+01  -0.811114E+00  -0.897179E+00
     495  -0.562786E+00  -0.166062E+01  -0.810482E+00  -0.896540E+00
     496  -0.562894E+00  -0.165910E+01  -0.809845E+00  -0.895896E+00
     497  -0.563000E+00  -0.165759E+01  -0.809204E+00  -0.895247E+00
     498  -0.563105E+00  -0.165609E+01  -0.808559E+00  -0.894593E+00
     499  -0.563209E+00  -0.165459E+01  -0.807909E+00  -0.893935E+00
