565
 4.0000000000000002E-01
 4.0000100000000000E-01
 4.0000202499999998E-01
 4.0000307562499998E-01
 4.0000415251562499E-01
 4.0000525632851558E-01
 4.0000638773672847E-01
 4.0000754743014683E-01
 4.0000873611590038E-01
 4.0000995451879789E-01
 4.0001120338176788E-01
 4.0001248346631207E-01
 4.0001379555296990E-01
 4.0001514044179409E-01
 4.0001651895283902E-01
 4.0001793192666002E-01
 4.0001938022482653E-01
 4.0002086473044712E-01
 4.0002238634870829E-01
 4.0002394600742602E-01
 4.0002554465761170E-01
 4.0002718327405201E-01
 4.0002886285590328E-01
 4.0003058442730088E-01
 4.0003234903798351E-01
 4.0003415776393297E-01
 4.0003601170803132E-01
 4.0003791200073208E-01
 4.0003985980075041E-01
 4.0004185629576922E-01
 4.0004390270316342E-01
 4.0004600027074239E-01
 4.0004815027751101E-01
 4.0005035403444877E-01
 4.0005261288531002E-01
 4.0005492820744271E-01
 4.0005730141262880E-01
 4.0005973394794447E-01
 4.0006222729664309E-01
 4.0006478297905917E-01
 4.0006740255353568E-01
 4.0007008761737411E-01
 4.0007283980780839E-01
 4.0007566080300372E-01
 4.0007855232307882E-01
 4.0008151613115572E-01
 4.0008455403443460E-01
 4.0008766788529548E-01
 4.0009085958242779E-01
 4.0009413107198849E-01
 4.0009748434878828E-01
 4.0010092145750797E-01
 4.0010444449394572E-01
 4.0010805560629431E-01
 4.0011175699645168E-01
 4.0011555092136297E-01
 4.0011943969439712E-01
 4.0012342568675702E-01
 4.0012751132892588E-01
 4.0013169911214902E-01
 4.0013599158995272E-01
 4.0014039137970148E-01
 4.0014490116419399E-01
 4.0014952369329893E-01
 4.0015426178563129E-01
 4.0015911833027212E-01
 4.0016409628852889E-01
 4.0016919869574219E-01
 4.0017442866313568E-01
 4.0017978937971421E-01
 4.0018528411420701E-01
 4.0019091621706221E-01
 4.0019668912248868E-01
 4.0020260635055088E-01
 4.0020867150931472E-01
 4.0021488829704749E-01
 4.0022126050447371E-01
 4.0022779201708553E-01
 4.0023448681751272E-01
 4.0024134898795050E-01
 4.0024838271264918E-01
 4.0025559228046548E-01
 4.0026298208747713E-01
 4.0027055663966399E-01
 4.0027832055565571E-01
 4.0028627856954702E-01
 4.0029443553378569E-01
 4.0030279642213029E-01
 4.0031136633268360E-01
 4.0032015049100073E-01
 4.0032915425327570E-01
 4.0033838310960762E-01
 4.0034784268734769E-01
 4.0035753875453151E-01
 4.0036747722339472E-01
 4.0037766415397957E-01
 4.0038810575782913E-01
 4.0039880840177478E-01
 4.0040977861181909E-01
 4.0042102307711458E-01
 4.0043254865404249E-01
 4.0044436237039349E-01
 4.0045647142965340E-01
 4.0046888321539481E-01
 4.0048160529577959E-01
 4.0049464542817409E-01
 4.0050801156387850E-01
 4.0052171185297553E-01
 4.0053575464929991E-01
 4.0055014851553228E-01
 4.0056490222842062E-01
 4.0058002478413107E-01
 4.0059552540373439E-01
 4.0061141353882768E-01
 4.0062769887729838E-01
 4.0064439134923091E-01
 4.0066150113296167E-01
 4.0067903866128568E-01
 4.0069701462781793E-01
 4.0071543999351328E-01
 4.0073432599335118E-01
 4.0075368414318502E-01
 4.0077352624676460E-01
 4.0079386440293369E-01
 4.0081471101300697E-01
 4.0083607878833222E-01
 4.0085798075804052E-01
 4.0088043027699161E-01
 4.0090344103391629E-01
 4.0092702705976418E-01
 4.0095120273625828E-01
 4.0097598280466479E-01
 4.0100138237478139E-01
 4.0102741693415089E-01
 4.0105410235750472E-01
 4.0108145491644231E-01
 4.0110949128935341E-01
 4.0113822857158721E-01
 4.0116768428587690E-01
 4.0119787639302379E-01
 4.0122882330284942E-01
 4.0126054388542071E-01
 4.0129305748255623E-01
 4.0132638391962011E-01
 4.0136054351761058E-01
 4.0139555710555092E-01
 4.0143144603318959E-01
 4.0146823218401939E-01
 4.0150593798861989E-01
 4.0154458643833540E-01
 4.0158420109929382E-01
 4.0162480612677609E-01
 4.0166642627994548E-01
 4.0170908693694413E-01
 4.0175281411036767E-01
 4.0179763446312688E-01
 4.0184357532470510E-01
 4.0189066470782281E-01
 4.0193893132551828E-01
 4.0198840460865631E-01
 4.0203911472387271E-01
 4.0209109259196951E-01
 4.0214436990676872E-01
 4.0219897915443792E-01
 4.0225495363329888E-01
 4.0231232747413143E-01
 4.0237113566098459E-01
 4.0243141405250932E-01
 4.0249319940382200E-01
 4.0255652938891762E-01
 4.0262144262364052E-01
 4.0268797868923151E-01
 4.0275617815646231E-01
 4.0282608261037378E-01
 4.0289773467563311E-01
 4.0297117804252391E-01
 4.0304645749358697E-01
 4.0312361893092669E-01
 4.0320270940419978E-01
 4.0328377713930480E-01
 4.0336687156778739E-01
 4.0345204335698209E-01
 4.0353934444090672E-01
 4.0362882805192929E-01
 4.0372054875322749E-01
 4.0381456247205821E-01
 4.0391092653385968E-01
 4.0400969969720618E-01
 4.0411094218963628E-01
 4.0421471574437717E-01
 4.0432108363798658E-01
 4.0443011072893631E-01
 4.0454186349715970E-01
 4.0465641008458869E-01
 4.0477382033670339E-01
 4.0489416584512100E-01
 4.0501751999124902E-01
 4.0514395799103031E-01
 4.0527355694080602E-01
 4.0540639586432609E-01
 4.0554255576093429E-01
 4.0568211965495771E-01
 4.0582517264633161E-01
 4.0597180196248989E-01
 4.0612180196248993E-01
 4.0627180196248991E-01
 4.0642180196248978E-01
 4.0657180196248982E-01
 4.0672180196248980E-01
 4.0687180196248979E-01
 4.0702180196248983E-01
 4.0717180196248981E-01
 4.0732180196248968E-01
 4.0747180196248972E-01
 4.0762180196248970E-01
 4.0777180196248969E-01
 4.0792180196248973E-01
 4.0807180196248971E-01
 4.0822180196248958E-01
 4.0837180196248962E-01
 4.0852180196248961E-01
 4.0867180196248959E-01
 4.0882180196248957E-01
 4.0897180196248961E-01
 4.0912180196248948E-01
 4.0927180196248952E-01
 4.0942180196248951E-01
 4.0957180196248949E-01
 4.0972180196248947E-01
 4.0987180196248951E-01
 4.1002180196248939E-01
 4.1017180196248942E-01
 4.1032180196248941E-01
 4.1047180196248939E-01
 4.1062180196248937E-01
 4.1077180196248941E-01
 4.1092180196248929E-01
 4.1107180196248932E-01
 4.1122180196248931E-01
 4.1137180196248929E-01
 4.1152180196248928E-01
 4.1167180196248931E-01
 4.1182180196248919E-01
 4.1197180196248923E-01
 4.1212180196248921E-01
 4.1227180196248919E-01
 4.1242180196248918E-01
 4.1257180196248922E-01
 4.1272180196248909E-01
 4.1287180196248913E-01
 4.1302180196248911E-01
 4.1317180196248909E-01
 4.1332180196248908E-01
 4.1347180196248912E-01
 4.1362180196248899E-01
 4.1377180196248903E-01
 4.1392180196248901E-01
 4.1407180196248899E-01
 4.1422180196248898E-01
 4.1437180196248902E-01
 4.1452180196248889E-01
 4.1467180196248887E-01
 4.1482180196248891E-01
 4.1497180196248890E-01
 4.1512180196248888E-01
 4.1527180196248892E-01
 4.1542180196248879E-01
 4.1557180196248877E-01
 4.1572180196248881E-01
 4.1587180196248880E-01
 4.1602180196248878E-01
 4.1617180196248882E-01
 4.1632180196248869E-01
 4.1647180196248867E-01
 4.1662180196248871E-01
 4.1677180196248870E-01
 4.1692180196248868E-01
 4.1707180196248872E-01
 4.1722180196248859E-01
 4.1737180196248858E-01
 4.1752180196248861E-01
 4.1767180196248860E-01
 4.1782180196248858E-01
 4.1797180196248862E-01
 4.1812180196248849E-01
 4.1827180196248848E-01
 4.1842180196248852E-01
 4.1857180196248850E-01
 4.1872180196248848E-01
 4.1887180196248852E-01
 4.1902180196248839E-01
 4.1917180196248838E-01
 4.1932180196248842E-01
 4.1947180196248840E-01
 4.1962180196248838E-01
 4.1977180196248842E-01
 4.1992180196248841E-01
 4.2007180196248828E-01
 4.2022180196248832E-01
 4.2037180196248830E-01
 4.2052180196248828E-01
 4.2067180196248832E-01
 4.2082180196248831E-01
 4.2097180196248818E-01
 4.2112180196248822E-01
 4.2127180196248820E-01
 4.2142180196248819E-01
 4.2157180196248822E-01
 4.2172180196248821E-01
 4.2187180196248808E-01
 4.2202180196248812E-01
 4.2217180196248810E-01
 4.2232180196248809E-01
 4.2247180196248812E-01
 4.2262180196248811E-01
 4.2277180196248798E-01
 4.2292180196248802E-01
 4.2307180196248800E-01
 4.2322180196248799E-01
 4.2337180196248803E-01
 4.2352180196248801E-01
 4.2367180196248788E-01
 4.2382180196248792E-01
 4.2397180196248790E-01
 4.2412180196248789E-01
 4.2427180196248793E-01
 4.2442180196248791E-01
 4.2457180196248778E-01
 4.2472180196248782E-01
 4.2487180196248781E-01
 4.2502180196248779E-01
 4.2517180196248783E-01
 4.2532180196248781E-01
 4.2547180196248768E-01
 4.2562180196248772E-01
 4.2577180196248771E-01
 4.2592180196248769E-01
 4.2607180196248767E-01
 4.2622180196248771E-01
 4.2637180196248758E-01
 4.2652180196248762E-01
 4.2667180196248761E-01
 4.2682180196248759E-01
 4.2697180196248757E-01
 4.2712180196248761E-01
 4.2727180196248749E-01
 4.2742180196248752E-01
 4.2757180196248751E-01
 4.2772180196248749E-01
 4.2787180196248747E-01
 4.2802180196248751E-01
 4.2817180196248739E-01
 4.2832180196248743E-01
 4.2847180196248741E-01
 4.2862180196248739E-01
 4.2877180196248738E-01
 4.2892180196248741E-01
 4.2907180196248729E-01
 4.2922180196248733E-01
 4.2937180196248731E-01
 4.2952180196248729E-01
 4.2967180196248728E-01
 4.2982180196248732E-01
 4.2997180196248719E-01
 4.3012180196248723E-01
 4.3027180196248727E-01
 4.3042180196248730E-01
 4.3057180196248734E-01
 4.3072180196248738E-01
 4.3087180196248742E-01
 4.3102180196248746E-01
 4.3117180196248750E-01
 4.3132180196248754E-01
 4.3147180196248758E-01
 4.3162180196248762E-01
 4.3177180196248766E-01
 4.3192180196248769E-01
 4.3207180196248773E-01
 4.3222180196248777E-01
 4.3237180196248781E-01
 4.3252180196248785E-01
 4.3267180196248789E-01
 4.3282180196248793E-01
 4.3297180196248797E-01
 4.3312180196248801E-01
 4.3327180196248805E-01
 4.3342180196248808E-01
 4.3357180196248812E-01
 4.3372180196248816E-01
 4.3387180196248820E-01
 4.3402180196248824E-01
 4.3417180196248828E-01
 4.3432180196248832E-01
 4.3447180196248836E-01
 4.3462180196248840E-01
 4.3477180196248844E-01
 4.3492180196248847E-01
 4.3507180196248851E-01
 4.3522180196248855E-01
 4.3537180196248859E-01
 4.3552180196248863E-01
 4.3567180196248867E-01
 4.3582180196248871E-01
 4.3597180196248875E-01
 4.3612180196248879E-01
 4.3627180196248883E-01
 4.3642180196248886E-01
 4.3657180196248890E-01
 4.3672180196248894E-01
 4.3687180196248898E-01
 4.3702180196248902E-01
 4.3717180196248906E-01
 4.3732180196248910E-01
 4.3747180196248914E-01
 4.3762180196248918E-01
 4.3777180196248922E-01
 4.3792180196248925E-01
 4.3807180196248929E-01
 4.3822180196248933E-01
 4.3837180196248937E-01
 4.3852180196248941E-01
 4.3867180196248945E-01
 4.3882180196248949E-01
 4.3897180196248953E-01
 4.3912180196248957E-01
 4.3927180196248961E-01
 4.3942180196248964E-01
 4.3957180196248968E-01
 4.3972180196248972E-01
 4.3987180196248976E-01
 4.4002180196248980E-01
 4.4017180196248984E-01
 4.4032180196248988E-01
 4.4047180196248992E-01
 4.4062180196248996E-01
 4.4077180196249000E-01
 4.4092180196249003E-01
 4.4107180196249007E-01
 4.4122180196249011E-01
 4.4137180196249015E-01
 4.4152180196249019E-01
 4.4167180196249023E-01
 4.4182180196249027E-01
 4.4197180196249031E-01
 4.4212180196249035E-01
 4.4227180196249039E-01
 4.4242180196249042E-01
 4.4257180196249046E-01
 4.4272180196249050E-01
 4.4287180196249054E-01
 4.4302180196249058E-01
 4.4317180196249062E-01
 4.4332180196249066E-01
 4.4347180196249070E-01
 4.4362180196249074E-01
 4.4377180196249078E-01
 4.4392180196249081E-01
 4.4407180196249085E-01
 4.4422180196249089E-01
 4.4437180196249093E-01
 4.4452180196249097E-01
 4.4467180196249101E-01
 4.4482180196249105E-01
 4.4497180196249109E-01
 4.4512180196249113E-01
 4.4527180196249116E-01
 4.4542180196249120E-01
 4.4557180196249124E-01
 4.4572180196249128E-01
 4.4587180196249132E-01
 4.4602180196249136E-01
 4.4617180196249140E-01
 4.4632180196249144E-01
 4.4647180196249148E-01
 4.4662180196249152E-01
 4.4677180196249155E-01
 4.4692180196249159E-01
 4.4707180196249163E-01
 4.4722180196249167E-01
 4.4737180196249171E-01
 4.4752180196249175E-01
 4.4767180196249179E-01
 4.4782180196249183E-01
 4.4797180196249187E-01
 4.4812180196249191E-01
 4.4827180196249194E-01
 4.4842180196249198E-01
 4.4857180196249202E-01
 4.4872180196249206E-01
 4.4887180196249210E-01
 4.4902180196249214E-01
 4.4917180196249218E-01
 4.4932180196249222E-01
 4.4947180196249226E-01
 4.4962180196249230E-01
 4.4977180196249233E-01
 4.4992180196249237E-01
 4.5007180196249241E-01
 4.5022180196249245E-01
 4.5037180196249249E-01
 4.5052180196249253E-01
 4.5067180196249257E-01
 4.5082180196249261E-01
 4.5097180196249265E-01
 4.5112180196249269E-01
 4.5127180196249272E-01
 4.5142180196249276E-01
 4.5157180196249280E-01
 4.5172180196249284E-01
 4.5187180196249288E-01
 4.5202180196249292E-01
 4.5217180196249296E-01
 4.5232180196249300E-01
 4.5247180196249304E-01
 4.5262180196249308E-01
 4.5277180196249311E-01
 4.5292180196249315E-01
 4.5307180196249319E-01
 4.5322180196249323E-01
 4.5337180196249327E-01
 4.5352180196249331E-01
 4.5367180196249335E-01
 4.5382180196249339E-01
 4.5397180196249343E-01
 4.5412180196249347E-01
 4.5427180196249350E-01
 4.5442180196249354E-01
 4.5457180196249358E-01
 4.5472180196249362E-01
 4.5487180196249366E-01
 4.5502180196249370E-01
 4.5517180196249374E-01
 4.5532180196249378E-01
 4.5547180196249382E-01
 4.5562180196249386E-01
 4.5577180196249389E-01
 4.5592180196249393E-01
 4.5607180196249397E-01
 4.5622180196249401E-01
 4.5637180196249405E-01
 4.5652180196249409E-01
 4.5667180196249413E-01
 4.5682180196249417E-01
 4.5697180196249421E-01
 4.5712180196249425E-01
 4.5727180196249428E-01
 4.5742180196249432E-01
 4.5757180196249436E-01
 4.5772180196249440E-01
 4.5787180196249444E-01
 4.5802180196249448E-01
 4.5817180196249452E-01
 4.5832180196249456E-01
 4.5847180196249460E-01
 4.5862180196249464E-01
 4.5877180196249467E-01
 4.5892180196249471E-01
 4.5907180196249475E-01
 4.5922180196249479E-01
 4.5937180196249483E-01
 4.5952180196249487E-01
 4.5967180196249491E-01
 4.5982180196249495E-01
 4.5997180196249499E-01
 4.6012180196249503E-01
