/*--------------------------------*- C++ -*----------------------------------*\
  =========                 |
  \\      /  F ield         | OpenFOAM: The Open Source CFD Toolbox
   \\    /   O peration     | Website:  https://openfoam.org
    \\  /    A nd           | Version:  7
     \\/     M anipulation  |
\*---------------------------------------------------------------------------*/
FoamFile
{
    version     2.0;
    format      ascii;
    class       volScalarField;
    location    "0.01/porousMat";
    object      Ta;
}
// * * * * * * * * * * * * * * * * * * * * * * * * * * * * * * * * * * * * * //

dimensions      [0 0 0 1 0 0 0];

internalField   nonuniform List<scalar> 
5000
(
472.938
472.902
472.806
472.818
472.92
472.919
472.81
472.818
472.81
472.821
472.814
472.825
472.818
472.83
472.823
472.835
472.828
472.84
472.834
472.846
472.84
472.852
472.846
472.858
472.852
472.865
472.859
472.871
472.865
472.877
472.871
472.883
472.877
472.889
472.882
472.894
472.887
472.899
472.892
472.903
472.896
472.907
472.899
472.91
472.901
472.912
472.903
472.913
472.904
472.914
431.112
431.075
430.847
430.877
431.112
431.109
430.857
430.874
430.856
430.881
430.863
430.889
430.872
430.899
430.883
430.91
430.894
430.922
430.906
430.934
430.919
430.947
430.932
430.961
430.946
430.975
430.96
430.988
430.973
431.002
430.986
431.015
430.999
431.027
431.01
431.038
431.021
431.048
431.031
431.057
431.039
431.065
431.046
431.071
431.052
431.076
431.055
431.079
431.058
431.08
398.732
398.694
398.365
398.411
398.748
398.742
398.379
398.404
398.375
398.413
398.385
398.423
398.396
398.436
398.409
398.449
398.423
398.464
398.439
398.48
398.455
398.497
398.472
398.514
398.489
398.531
398.506
398.548
398.523
398.565
398.54
398.581
398.555
398.597
398.57
398.611
398.584
398.624
398.596
398.635
398.606
398.645
398.615
398.653
398.622
398.659
398.627
398.662
398.63
398.664
373.757
373.719
373.34
373.395
373.781
373.774
373.355
373.384
373.349
373.393
373.359
373.404
373.371
373.417
373.385
373.432
373.4
373.448
373.416
373.464
373.433
373.482
373.451
373.5
373.469
373.518
373.488
373.537
373.505
373.554
373.523
373.572
373.54
373.588
373.555
373.603
373.57
373.617
373.583
373.629
373.594
373.639
373.603
373.647
373.61
373.654
373.615
373.658
373.618
373.659
354.584
354.546
354.163
354.222
354.612
354.605
354.178
354.209
354.17
354.218
354.18
354.229
354.192
354.241
354.205
354.255
354.22
354.271
354.236
354.287
354.252
354.304
354.269
354.322
354.287
354.339
354.305
354.357
354.322
354.374
354.339
354.391
354.355
354.407
354.37
354.421
354.384
354.435
354.397
354.446
354.407
354.456
354.416
354.464
354.423
354.47
354.428
354.474
354.431
354.476
339.99
339.955
339.584
339.644
340.02
340.012
339.599
339.629
339.59
339.638
339.599
339.648
339.61
339.659
339.622
339.672
339.635
339.686
339.649
339.701
339.665
339.716
339.68
339.732
339.696
339.749
339.713
339.765
339.728
339.781
339.744
339.796
339.759
339.81
339.773
339.824
339.785
339.836
339.797
339.847
339.807
339.856
339.815
339.863
339.821
339.869
339.826
339.872
339.829
339.874
328.883
328.851
328.528
328.585
328.911
328.902
328.541
328.57
328.533
328.577
328.541
328.586
328.55
328.596
328.561
328.608
328.572
328.62
328.585
328.633
328.598
328.647
328.612
328.661
328.626
328.675
328.641
328.689
328.655
328.703
328.668
328.717
328.681
328.729
328.693
328.741
328.705
328.752
328.715
328.761
328.723
328.769
328.731
328.776
328.736
328.781
328.74
328.784
328.743
328.786
320.556
320.528
320.251
320.303
320.581
320.573
320.262
320.288
320.254
320.295
320.261
320.302
320.269
320.311
320.278
320.321
320.288
320.331
320.298
320.342
320.31
320.354
320.322
320.366
320.334
320.378
320.346
320.39
320.358
320.402
320.369
320.414
320.38
320.424
320.391
320.434
320.4
320.444
320.409
320.452
320.416
320.458
320.422
320.464
320.427
320.468
320.43
320.471
320.433
320.473
314.284
314.261
314.049
314.094
314.303
314.296
314.059
314.081
314.052
314.087
314.058
314.093
314.064
314.1
314.072
314.108
314.08
314.117
314.089
314.126
314.098
314.136
314.108
314.146
314.118
314.156
314.128
314.166
314.138
314.176
314.147
314.185
314.157
314.194
314.165
314.202
314.173
314.21
314.18
314.217
314.186
314.222
314.192
314.227
314.195
314.23
314.198
314.233
314.2
314.235
309.667
309.648
309.483
309.521
309.682
309.676
309.491
309.51
309.485
309.515
309.49
309.52
309.495
309.526
309.501
309.532
309.508
309.539
309.515
309.547
309.523
309.555
309.53
309.563
309.539
309.571
309.547
309.579
309.555
309.587
309.562
309.595
309.57
309.602
309.577
309.609
309.583
309.615
309.589
309.62
309.594
309.625
309.598
309.629
309.601
309.631
309.604
309.633
309.605
309.635
306.239
306.225
306.114
306.143
306.249
306.244
306.12
306.135
306.116
306.139
306.119
306.143
306.124
306.147
306.128
306.153
306.134
306.158
306.139
306.164
306.145
306.17
306.152
306.177
306.158
306.183
306.164
306.19
306.171
306.196
306.177
306.202
306.183
306.208
306.188
306.213
306.193
306.218
306.198
306.222
306.202
306.226
306.205
306.229
306.208
306.231
306.21
306.233
306.211
306.235
303.766
303.755
303.679
303.703
303.771
303.768
303.684
303.697
303.682
303.7
303.684
303.703
303.688
303.707
303.691
303.711
303.696
303.715
303.7
303.72
303.705
303.724
303.71
303.729
303.714
303.734
303.719
303.74
303.724
303.744
303.729
303.749
303.734
303.754
303.738
303.758
303.742
303.762
303.746
303.765
303.749
303.768
303.751
303.77
303.753
303.772
303.755
303.773
303.755
303.775
301.966
301.959
301.921
301.937
301.967
301.964
301.924
301.934
301.923
301.936
301.925
301.938
301.928
301.941
301.93
301.944
301.933
301.947
301.937
301.951
301.94
301.954
301.944
301.958
301.948
301.962
301.952
301.966
301.955
301.969
301.959
301.973
301.962
301.976
301.966
301.98
301.969
301.982
301.971
301.985
301.974
301.987
301.976
301.989
301.977
301.99
301.978
301.991
301.979
301.993
300.696
300.692
300.674
300.685
300.695
300.693
300.676
300.684
300.676
300.685
300.678
300.687
300.68
300.689
300.682
300.692
300.684
300.694
300.687
300.697
300.689
300.699
300.692
300.702
300.695
300.705
300.698
300.708
300.7
300.711
300.703
300.713
300.706
300.716
300.708
300.718
300.71
300.72
300.712
300.722
300.714
300.724
300.716
300.725
300.717
300.726
300.717
300.727
300.718
300.729
299.8
299.798
299.799
299.805
299.796
299.795
299.8
299.806
299.801
299.807
299.803
299.808
299.804
299.81
299.806
299.811
299.807
299.813
299.809
299.815
299.811
299.817
299.813
299.819
299.815
299.821
299.817
299.823
299.819
299.825
299.821
299.827
299.823
299.829
299.825
299.831
299.826
299.832
299.828
299.834
299.829
299.835
299.83
299.836
299.831
299.836
299.831
299.837
299.832
299.839
299.181
299.181
299.19
299.194
299.176
299.176
299.191
299.195
299.193
299.196
299.193
299.197
299.194
299.198
299.196
299.199
299.197
299.2
299.198
299.202
299.199
299.203
299.201
299.205
299.202
299.206
299.204
299.208
299.205
299.209
299.207
299.21
299.208
299.212
299.209
299.213
299.21
299.214
299.211
299.215
299.212
299.216
299.213
299.217
299.214
299.217
299.214
299.217
299.214
299.219
298.764
298.765
298.782
298.782
298.758
298.758
298.782
298.785
298.784
298.785
298.785
298.786
298.785
298.787
298.786
298.787
298.787
298.788
298.788
298.789
298.789
298.79
298.79
298.791
298.791
298.792
298.792
298.793
298.793
298.794
298.794
298.795
298.795
298.796
298.796
298.797
298.797
298.798
298.797
298.799
298.798
298.799
298.798
298.8
298.799
298.8
298.799
298.8
298.799
298.802
298.481
298.483
298.501
298.5
298.474
298.475
298.501
298.502
298.503
298.503
298.503
298.503
298.504
298.504
298.504
298.504
298.505
298.505
298.505
298.506
298.506
298.506
298.507
298.507
298.507
298.508
298.508
298.508
298.509
298.509
298.509
298.51
298.51
298.51
298.511
298.511
298.511
298.511
298.512
298.512
298.512
298.512
298.512
298.513
298.513
298.513
298.513
298.513
298.513
298.515
298.304
298.307
298.325
298.323
298.298
298.299
298.325
298.326
298.327
298.326
298.327
298.326
298.328
298.327
298.328
298.327
298.328
298.327
298.329
298.328
298.329
298.328
298.33
298.329
298.33
298.329
298.331
298.33
298.331
298.33
298.331
298.331
298.332
298.331
298.332
298.331
298.333
298.332
298.333
298.332
298.333
298.332
298.333
298.332
298.334
298.333
298.334
298.333
298.334
298.334
298.184
298.186
298.203
298.2
298.178
298.179
298.202
298.203
298.204
298.203
298.205
298.203
298.205
298.204
298.205
298.204
298.205
298.204
298.205
298.204
298.206
298.205
298.206
298.205
298.206
298.205
298.207
298.205
298.207
298.206
298.207
298.206
298.207
298.206
298.208
298.207
298.208
298.207
298.208
298.207
298.208
298.207
298.208
298.207
298.209
298.207
298.209
298.207
298.209
298.209
298.119
298.121
298.135
298.132
298.114
298.115
298.135
298.135
298.137
298.135
298.137
298.136
298.137
298.136
298.137
298.136
298.137
298.136
298.138
298.136
298.138
298.136
298.138
298.137
298.138
298.137
298.138
298.137
298.138
298.137
298.139
298.137
298.139
298.137
298.139
298.138
298.139
298.138
298.139
298.138
298.139
298.138
298.139
298.138
298.14
298.138
298.14
298.138
298.14
298.139
298.071
298.073
298.085
298.082
298.067
298.068
298.085
298.085
298.086
298.085
298.086
298.085
298.086
298.085
298.087
298.085
298.087
298.085
298.087
298.085
298.087
298.085
298.087
298.086
298.087
298.086
298.087
298.086
298.087
298.086
298.087
298.086
298.087
298.086
298.088
298.086
298.088
298.086
298.088
298.086
298.088
298.086
298.088
298.086
298.088
298.086
298.088
298.086
298.088
298.087
298.053
298.055
298.063
298.061
298.049
298.05
298.063
298.063
298.064
298.063
298.065
298.063
298.065
298.063
298.065
298.063
298.065
298.063
298.065
298.064
298.065
298.064
298.065
298.064
298.065
298.064
298.065
298.064
298.065
298.064
298.065
298.064
298.065
298.064
298.065
298.064
298.065
298.064
298.065
298.064
298.065
298.064
298.065
298.064
298.065
298.064
298.066
298.064
298.066
298.065
298.035
298.036
298.043
298.041
298.032
298.033
298.042
298.042
298.044
298.043
298.044
298.043
298.044
298.043
298.044
298.043
298.044
298.043
298.044
298.043
298.044
298.043
298.044
298.043
298.044
298.043
298.044
298.043
298.044
298.043
298.044
298.043
298.044
298.043
298.044
298.043
298.044
298.043
298.044
298.043
298.044
298.043
298.044
298.043
298.044
298.043
298.044
298.043
298.044
298.044
298.032
298.033
298.038
298.036
298.03
298.031
298.037
298.037
298.038
298.037
298.038
298.037
298.038
298.037
298.038
298.038
298.038
298.038
298.038
298.038
298.038
298.038
298.038
298.038
298.038
298.038
298.038
298.038
298.039
298.038
298.039
298.038
298.039
298.038
298.039
298.038
298.039
298.038
298.039
298.038
298.039
298.038
298.039
298.038
298.039
298.038
298.039
298.038
298.039
298.038
298.024
298.025
298.028
298.027
298.023
298.023
298.028
298.028
298.029
298.028
298.029
298.028
298.029
298.028
298.029
298.028
298.029
298.028
298.029
298.028
298.029
298.028
298.029
298.028
298.029
298.028
298.029
298.028
298.029
298.028
298.029
298.028
298.029
298.028
298.029
298.028
298.029
298.028
298.029
298.028
298.029
298.028
298.029
298.028
298.029
298.028
298.029
298.028
298.029
298.029
298.025
298.026
298.027
298.027
298.024
298.024
298.027
298.027
298.028
298.027
298.028
298.027
298.028
298.027
298.028
298.027
298.028
298.027
298.028
298.027
298.028
298.027
298.028
298.027
298.028
298.027
298.028
298.028
298.028
298.028
298.028
298.028
298.028
298.028
298.028
298.028
298.028
298.028
298.028
298.028
298.028
298.028
298.028
298.028
298.028
298.028
298.028
298.028
298.028
298.028
298.02
298.021
298.022
298.021
298.02
298.02
298.022
298.022
298.022
298.022
298.022
298.022
298.022
298.022
298.022
298.022
298.022
298.022
298.022
298.022
298.022
298.022
298.022
298.022
298.022
298.022
298.022
298.022
298.022
298.022
298.022
298.022
298.022
298.022
298.022
298.022
298.022
298.022
298.022
298.022
298.022
298.022
298.022
298.022
298.022
298.022
298.022
298.022
298.022
298.022
298.021
298.021
298.021
298.021
298.02
298.021
298.021
298.021
298.021
298.021
298.021
298.021
298.021
298.021
298.021
298.021
298.021
298.021
298.021
298.021
298.021
298.021
298.021
298.021
298.021
298.021
298.021
298.021
298.021
298.021
298.021
298.021
298.022
298.021
298.022
298.021
298.022
298.021
298.022
298.021
298.022
298.021
298.022
298.021
298.022
298.021
298.022
298.021
298.022
298.022
298.017
298.017
298.017
298.017
298.017
298.017
298.017
298.017
298.017
298.017
298.017
298.017
298.017
298.017
298.017
298.017
298.017
298.017
298.017
298.017
298.017
298.017
298.017
298.017
298.017
298.017
298.017
298.017
298.017
298.017
298.017
298.017
298.017
298.017
298.017
298.017
298.017
298.017
298.017
298.017
298.017
298.017
298.017
298.017
298.017
298.017
298.017
298.017
298.017
298.017
298.016
298.016
298.016
298.016
298.016
298.016
298.016
298.016
298.016
298.016
298.016
298.016
298.016
298.016
298.016
298.016
298.016
298.016
298.016
298.016
298.016
298.016
298.016
298.016
298.016
298.016
298.016
298.016
298.016
298.016
298.016
298.016
298.016
298.016
298.016
298.016
298.016
298.016
298.016
298.016
298.016
298.016
298.016
298.016
298.016
298.016
298.016
298.016
298.016
298.016
298.013
298.013
298.012
298.012
298.013
298.013
298.012
298.012
298.012
298.012
298.012
298.012
298.012
298.012
298.012
298.012
298.012
298.013
298.012
298.013
298.012
298.013
298.013
298.013
298.013
298.013
298.013
298.013
298.013
298.013
298.013
298.013
298.013
298.013
298.013
298.013
298.013
298.013
298.013
298.013
298.013
298.013
298.013
298.013
298.013
298.013
298.013
298.013
298.013
298.013
298.012
298.012
298.011
298.011
298.012
298.012
298.011
298.011
298.011
298.011
298.011
298.011
298.011
298.011
298.011
298.011
298.011
298.011
298.011
298.011
298.011
298.011
298.011
298.011
298.011
298.011
298.011
298.011
298.011
298.011
298.011
298.011
298.011
298.011
298.011
298.011
298.011
298.011
298.011
298.011
298.011
298.011
298.011
298.011
298.011
298.011
298.011
298.011
298.011
298.011
298.009
298.009
298.008
298.009
298.009
298.009
298.008
298.009
298.008
298.009
298.008
298.009
298.008
298.009
298.008
298.009
298.008
298.009
298.009
298.009
298.009
298.009
298.009
298.009
298.009
298.009
298.009
298.009
298.009
298.009
298.009
298.009
298.009
298.009
298.009
298.009
298.009
298.009
298.009
298.009
298.009
298.009
298.009
298.009
298.009
298.009
298.009
298.009
298.009
298.009
298.008
298.008
298.007
298.007
298.008
298.008
298.007
298.007
298.007
298.007
298.007
298.007
298.007
298.007
298.007
298.007
298.007
298.007
298.007
298.007
298.007
298.007
298.007
298.007
298.007
298.007
298.007
298.007
298.007
298.007
298.007
298.007
298.007
298.007
298.007
298.008
298.007
298.008
298.007
298.008
298.007
298.008
298.007
298.008
298.007
298.008
298.007
298.008
298.007
298.007
298.006
298.006
298.005
298.005
298.006
298.006
298.005
298.005
298.005
298.005
298.005
298.005
298.005
298.005
298.005
298.005
298.005
298.005
298.005
298.005
298.005
298.005
298.005
298.005
298.005
298.005
298.005
298.006
298.005
298.006
298.005
298.006
298.005
298.006
298.005
298.006
298.005
298.006
298.005
298.006
298.006
298.006
298.006
298.006
298.006
298.006
298.006
298.006
298.006
298.006
298.005
298.005
298.004
298.005
298.005
298.005
298.004
298.004
298.004
298.004
298.004
298.004
298.004
298.004
298.004
298.004
298.004
298.004
298.004
298.004
298.004
298.005
298.004
298.005
298.004
298.005
298.004
298.005
298.004
298.005
298.004
298.005
298.004
298.005
298.005
298.005
298.005
298.005
298.005
298.005
298.005
298.005
298.005
298.005
298.005
298.005
298.005
298.005
298.005
298.005
298.003
298.003
298.003
298.003
298.003
298.003
298.003
298.003
298.003
298.003
298.003
298.003
298.003
298.003
298.003
298.003
298.003
298.003
298.003
298.003
298.003
298.003
298.003
298.003
298.003
298.003
298.003
298.003
298.003
298.003
298.003
298.003
298.003
298.003
298.003
298.003
298.003
298.003
298.003
298.003
298.003
298.003
298.003
298.003
298.003
298.003
298.003
298.003
298.003
298.003
298.003
298.003
298.003
298.003
298.003
298.003
298.003
298.003
298.002
298.003
298.002
298.003
298.002
298.003
298.003
298.003
298.003
298.003
298.003
298.003
298.003
298.003
298.003
298.003
298.003
298.003
298.003
298.003
298.003
298.003
298.003
298.003
298.003
298.003
298.003
298.003
298.003
298.003
298.003
298.003
298.003
298.003
298.003
298.003
298.003
298.003
298.003
298.003
298.003
298.003
298.002
298.002
298.002
298.002
298.002
298.002
298.002
298.002
298.002
298.002
298.002
298.002
298.002
298.002
298.002
298.002
298.002
298.002
298.002
298.002
298.002
298.002
298.002
298.002
298.002
298.002
298.002
298.002
298.002
298.002
298.002
298.002
298.002
298.002
298.002
298.002
298.002
298.002
298.002
298.002
298.002
298.002
298.002
298.002
298.002
298.002
298.002
298.002
298.002
298.002
298.001
298.001
298.001
298.001
298.001
298.001
298.001
298.001
298.001
298.001
298.001
298.001
298.001
298.001
298.001
298.001
298.001
298.001
298.001
298.001
298.001
298.001
298.001
298.001
298.001
298.001
298.001
298.001
298.001
298.001
298.001
298.001
298.001
298.001
298.001
298.001
298.001
298.001
298.001
298.001
298.001
298.001
298.001
298.001
298.001
298.001
298.001
298.001
298.001
298.001
298.001
298.001
298.001
298.001
298.001
298.001
298.001
298.001
298.001
298.001
298.001
298.001
298.001
298.001
298.001
298.001
298.001
298.001
298.001
298.001
298.001
298.001
298.001
298.001
298.001
298.001
298.001
298.001
298.001
298.001
298.001
298.001
298.001
298.001
298.001
298.001
298.001
298.001
298.001
298.001
298.001
298.001
298.001
298.001
298.001
298.001
298.001
298.001
298.001
298.001
298.001
298.001
298.001
298.001
298.001
298.001
298.001
298.001
298.001
298.001
298.001
298.001
298.001
298.001
298.001
298.001
298.001
298.001
298.001
298.001
298.001
298.001
298.001
298.001
298.001
298.001
298.001
298.001
298.001
298.001
298.001
298.001
298.001
298.001
298.001
298.001
298.001
298.001
298.001
298.001
298.001
298.001
298.001
298.001
298.001
298.001
298.001
298.001
298.001
298.001
298
298
298
298
298
298
298
298
298
298
298
298
298
298
298
298
298
298
298
298
298
298
298
298
298
298
298
298
298
298
298
298
298
298
298
298
298
298
298
298
298
298
298
298
298
298
298
298
298
298
298
298
298
298
298
298
298
298
298
298
298
298
298
298
298
298
298
298
298
298
298
298
298
298
298
298
298
298
298
298
298
298
298
298
298
298
298
298
298
298
298
298
298
298
298
298
298
298
298
298
298
298
298
298
298
298
298
298
298
298
298
298
298
298
298
298
298
298
298
298
298
298
298
298
298
298
298
298
298
298
298
298
298
298
298
298
298
298
298
298
298
298
298
298
298
298
298
298
298
298
298
298
298
298
298
298
298
298
298
298
298
298
298
298
298
298
298
298
298
298
298
298
298
298
298
298
298
298
298
298
298
298
298
298
298
298
298
298
298
298
298
298
298
298
298
298
298
298
298
298
298
298
298
298
298
298
298
298
298
298
298
298
298
298
298
298
298
298
298
298
298
298
298
298
298
298
298
298
298
298
298
298
298
298
298
298
298
298
298
298
298
298
298
298
298
298
298
298
298
298
298
298
298
298
298
298
298
298
298
298
298
298
298
298
298
298
298
298
298
298
298
298
298
298
298
298
298
298
298
298
298
298
298
298
298
298
298
298
298
298
298
298
298
298
298
298
298
298
298
298
298
298
298
298
298
298
298
298
298
298
298
298
298
298
298
298
298
298
298
298
298
298
298
298
298
298
298
298
298
298
298
298
298
298
298
298
298
298
298
298
298
298
298
298
298
298
298
298
298
298
298
298
298
298
298
298
298
298
298
298
298
298
298
298
298
298
298
298
298
298
298
298
298
298
298
298
298
298
298
298
298
298
298
298
298
298
298
298
298
298
298
298
298
298
298
298
298
298
298
298
298
298
298
298
298
298
298
298
298
298
298
298
298
298
298
298
298
298
298
298
298
298
298
298
298
298
298
298
298
298
298
298
298
298
298
298
298
298
298
298
298
298
298
298
298
298
298
298
298
298
298
298
298
298
298
298
298
298
298
298
298
298
298
298
298
298
298
298
298
298
298
298
298
298
298
298
298
298
298
298
298
298
298
298
298
298
298
298
298
298
298
298
298
298
298
298
298
298
298
298
298
298
298
298
298
298
298
298
298
298
298
298
298
298
298
298
298
298
298
298
298
298
298
298
298
298
298
298
298
298
298
298
298
298
298
298
298
298
298
298
298
298
298
298
298
298
298
298
298
298
298
298
298
298
298
298
298
298
298
298
298
298
298
298
298
298
298
298
298
298
298
298
298
298
298
298
298
298
298
298
298
298
298
298
298
298
298
298
298
298
298
298
298
298
298
298
298
298
298
298
298
298
298
298
298
298
298
298
298
298
298
298
298
298
298
298
298
298
298
298
298
298
298
298
298
298
298
298
298
298
298
298
298
298
298
298
298
298
298
298
298
298
298
298
298
298
298
298
298
298
298
298
298
298
298
298
298
298
298
298
298
298
298
298
298
298
298
298
298
298
298
298
298
298
298
298
298
298
298
298
298
298
298
298
298
298
298
298
298
298
298
298
298
298
298
298
298
298
298
298
298
298
298
298
298
298
298
298
298
298
298
298
298
298
298
298
298
298
298
298
298
298
298
298
298
298
298
298
298
298
298
298
298
298
298
298
298
298
298
298
298
298
298
298
298
298
298
298
298
298
298
298
298
298
298
298
298
298
298
298
298
298
298
298
298
298
298
298
298
298
298
298
298
298
298
298
298
298
298
298
298
298
298
298
298
298
298
298
298
298
298
298
298
298
298
298
298
298
298
298
298
298
298
298
298
298
298
298
298
298
298
298
298
298
298
298
298
298
298
298
298
298
298
298
298
298
298
298
298
298
298
298
298
298
298
298
298
298
298
298
298
298
298
298
298
298
298
298
298
298
298
298
298
298
298
298
298
298
298
298
298
298
298
298
298
298
298
298
298
298
298
298
298
298
298
298
298
298
298
298
298
298
298
298
298
298
298
298
298
298
298
298
298
298
298
298
298
298
298
298
298
298
298
298
298
298
298
298
298
298
298
298
298
298
298
298
298
298
298
298
298
298
298
298
298
298
298
298
298
298
298
298
298
298
298
298
298
298
298
298
298
298
298
298
298
298
298
298
298
298
298
298
298
298
298
298
298
298
298
298
298
298
298
298
298
298
298
298
298
298
298
298
298
298
298
298
298
298
298
298
298
298
298
298
298
298
298
298
298
298
298
298
298
298
298
298
298
298
298
298
298
298
298
298
298
298
298
298
298
298
298
298
298
298
298
298
298
298
298
298
298
298
298
298
298
298
298
298
298
298
298
298
298
298
298
298
298
298
298
298
298
298
298
298
298
298
298
298
298
298
298
298
298
298
298
298
298
298
298
298
298
298
298
298
298
298
298
298
298
298
298
298
298
298
298
298
298
298
298
298
298
298
298
298
298
298
298
298
298
298
298
298
298
298
298
298
298
298
298
298
298
298
298
298
298
298
298
298
298
298
298
298
298
298
298
298
298
298
298
298
298
298
298
298
298
298
298
298
298
298
298
298
298
298
298
298
298
298
298
298
298
298
298
298
298
298
298
298
298
298
298
298
298
298
298
298
298
298
298
298
298
298
298
298
298
298
298
298
298
298
298
298
298
298
298
298
298
298
298
298
298
298
298
298
298
298
298
298
298
298
298
298
298
298
298
298
298
298
298
298
298
298
298
298
298
298
298
298
298
298
298
298
298
298
298
298
298
298
298
298
298
298
298
298
298
298
298
298
298
298
298
298
298
298
298
298
298
298
298
298
298
298
298
298
298
298
298
298
298
298
298
298
298
298
298
298
298
298
298
298
298
298
298
298
298
298
298
298
298
298
298
298
298
298
298
298
298
298
298
298
298
298
298
298
298
298
298
298
298
298
298
298
298
298
298
298
298
298
298
298
298
298
298
298
298
298
298
298
298
298
298
298
298
298
298
298
298
298
298
298
298
298
298
298
298
298
298
298
298
298
298
298
298
298
298
298
298
298
298
298
298
298
298
298
298
298
298
298
298
298
298
298
298
298
298
298
298
298
298
298
298
298
298
298
298
298
298
298
298
298
298
298
298
298
298
298
298
298
298
298
298
298
298
298
298
298
298
298
298
298
298
298
298
298
298
298
298
298
298
298
298
298
298
298
298
298
298
298
298
298
298
298
298
298
298
298
298
298
298
298
298
298
298
298
298
298
298
298
298
298
298
298
298
298
298
298
298
298
298
298
298
298
298
298
298
298
298
298
298
298
298
298
298
298
298
298
298
298
298
298
298
298
298
298
298
298
298
298
298
298
298
298
298
298
298
298
298
298
298
298
298
298
298
298
298
298
298
298
298
298
298
298
298
298
298
298
298
298
298
298
298
298
298
298
298
298
298
298
298
298
298
298
298
298
298
298
298
298
298
298
298
298
298
298
298
298
298
298
298
298
298
298
298
298
298
298
298
298
298
298
298
298
298
298
298
298
298
298
298
298
298
298
298
298
298
298
298
298
298
298
298
298
298
298
298
298
298
298
298
298
298
298
298
298
298
298
298
298
298
298
298
298
298
298
298
298
298
298
298
298
298
298
298
298
298
298
298
298
298
298
298
298
298
298
298
298
298
298
298
298
298
298
298
298
298
298
298
298
298
298
298
298
298
298
298
298
298
298
298
298
298
298
298
298
298
298
298
298
298
298
298
298
298
298
298
298
298
298
298
298
298
298
298
298
298
298
298
298
298
298
298
298
298
298
298
298
298
298
298
298
298
298
298
298
298
298
298
298
298
298
298
298
298
298
298
298
298
298
298
298
298
298
298
298
298
298
298
298
298
298
298
298
298
298
298
298
298
298
298
298
298
298
298
298
298
298
298
298
298
298
298
298
298
298
298
298
298
298
298
298
298
298
298
298
298
298
298
298
298
298
298
298
298
298
298
298
298
298
298
298
298
298
298
298
298
298
298
298
298
298
298
298
298
298
298
298
298
298
298
298
298
298
298
298
298
298
298
298
298
298
298
298
298
298
298
298
298
298
298
298
298
298
298
298
298
298
298
298
298
298
298
298
298
298
298
298
298
298
298
298
298
298
298
298
298
298
298
298
298
298
298
298
298
298
298
298
298
298
298
298
298
298
298
298
298
298
298
298
298
298
298
298
298
298
298
298
298
298
298
298
298
298
298
298
298
298
298
298
298
298
298
298
298
298
298
298
298
298
298
298
298
298
298
298
298
298
298
298
298
298
298
298
298
298
298
298
298
298
298
298
298
298
298
298
298
298
298
298
298
298
298
298
298
298
298
298
298
298
298
298
298
298
298
298
298
298
298
298
298
298
298
298
298
298
298
298
298
298
298
298
298
298
298
298
298
298
298
298
298
298
298
298
298
298
298
298
298
298
298
298
298
298
298
298
298
298
298
298
298
298
298
298
298
298
298
298
298
298
298
298
298
298
298
298
298
298
298
298
298
298
298
298
298
298
298
298
298
298
298
298
298
298
298
298
298
298
298
298
298
298
298
298
298
298
298
298
298
298
298
298
298
298
298
298
298
298
298
298
298
298
298
298
298
298
298
298
298
298
298
298
298
298
298
298
298
298
298
298
298
298
298
298
298
298
298
298
298
298
298
298
298
298
298
298
298
298
298
298
298
298
298
298
298
298
298
298
298
298
298
298
298
298
298
298
298
298
298
298
298
298
298
298
298
298
298
298
298
298
298
298
298
298
298
298
298
298
298
298
298
298
298
298
298
298
298
298
298
298
298
298
298
298
298
298
298
298
298
298
298
298
298
298
298
298
298
298
298
298
298
298
298
298
298
298
298
298
298
298
298
298
298
298
298
298
298
298
298
298
298
298
298
298
298
298
298
298
298
298
298
298
298
298
298
298
298
298
298
298
298
298
298
298
298
298
298
298
298
298
298
298
298
298
298
298
298
298
298
298
298
298
298
298
298
298
298
298
298
298
298
298
298
298
298
298
298
298
298
298
298
298
298
298
298
298
298
298
298
298
298
298
298
298
298
298
298
298
298
298
298
298
298
298
298
298
298
298
298
298
298
298
298
298
298
298
298
298
298
298
298
298
298
298
298
298
298
298
298
298
298
298
298
298
298
298
298
298
298
298
298
298
298
298
298
298
298
298
298
298
298
298
298
298
298
298
298
298
298
298
298
298
298
298
298
298
298
298
298
298
298
298
298
298
298
298
298
298
298
298
298
298
298
298
298
298
298
298
298
298
298
298
298
298
298
298
298
298
298
298
298
298
298
298
298
298
298
298
298
298
298
298
298
298
298
298
298
298
298
298
298
298
298
298
298
298
298
298
298
298
298
298
298
298
298
298
298
298
298
298
298
298
298
298
298
298
298
298
298
298
298
298
298
298
298
298
298
298
298
298
298
298
298
298
298
298
298
298
298
298
298
298
298
298
298
298
298
298
298
298
298
298
298
298
298
298
298
298
298
298
298
298
298
298
298
298
298
298
298
298
298
298
298
298
298
298
298
298
298
298
298
298
298
298
298
298
298
298
298
298
298
298
298
298
298
298
298
298
298
298
298
298
298
298
298
298
298
298
298
298
298
298
298
298
298
298
298
298
298
298
298
298
298
298
298
298
298
298
298
298
298
298
298
298
298
298
298
298
298
298
298
298
298
298
298
298
298
298
298
298
298
298
298
298
298
298
298
298
298
298
298
298
298
298
298
298
298
298
298
298
298
298
298
298
298
298
298
298
298
298
298
298
298
298
298
298
298
298
298
298
298
298
298
298
298
298
298
298
298
298
298
298
298
298
298
298
298
298
298
298
298
298
298
298
298
298
298
298
298
298
298
298
298
298
298
298
298
298
298
298
298
298
298
298
298
298
298
298
298
298
298
298
298
298
298
298
298
298
298
298
298
298
298
298
298
298
298
298
298
298
298
298
298
298
298
298
298
298
298
298
298
298
298
298
298
298
298
298
298
298
298
298
298
298
298
298
298
298
298
298
298
298
298
298
298
298
298
298
298
298
298
298
298
298
298
298
298
298
298
298
298
298
298
298
298
298
298
298
298
298
298
298
298
298
298
298
298
298
298
298
298
298
298
298
298
298
298
298
298
298
298
298
298
298
298
298
298
298
298
298
298
298
298
298
298
298
298
298
298
298
298
298
298
298
298
298
298
298
298
298
298
298
298
298
298
298
298
298
298
298
298
298
298
298
298
298
298
298
298
298
298
298
298
298
298
298
298
298
298
298
298
298
298
298
298
298
298
298
298
298
298
298
298
298
298
298
298
298
298
298
298
298
298
298
298
298
298
298
298
298
298
298
298
298
298
298
298
298
298
298
298
298
298
298
298
298
298
298
298
298
298
298
298
298
298
298
298
298
298
298
298
298
298
298
298
298
298
298
298
298
298
298
298
298
298
298
298
298
298
298
298
298
298
298
298
298
298
298
298
298
298
298
)
;

boundaryField
{
    axis
    {
        type            empty;
    }
    back
    {
        type            zeroGradient;
    }
    wedge-right
    {
        type            wedge;
    }
    wedge-left
    {
        type            wedge;
    }
    outer
    {
        type            fixedValue;
        value           uniform 500;
    }
    inner
    {
        type            fixedValue;
        value           uniform 298;
    }
}


// ************************************************************************* //
